Block   Selection_sort  Insertion_sort
1       0.000000        0.000000
2       0.000000        0.000000
3       0.011000        0.000000
4       0.001000        0.000000
5       0.001000        0.000000
6       0.001000        0.000000
7       0.001000        0.001000
8       0.002000        0.000000
9       0.002000        0.001000
10      0.002000        0.002000
11      0.003000        0.001000
12      0.003000        0.002000
13      0.003000        0.004000
14      0.005000        0.003000
15      0.006000        0.004000
16      0.006000        0.004000
17      0.006000        0.004000
18      0.006000        0.004000
19      0.008000        0.004000
20      0.010000        0.004000
21      0.011000        0.004000
22      0.011000        0.006000
23      0.012000        0.008000
24      0.014000        0.008000
25      0.014000        0.009000
26      0.015000        0.009000
27      0.015000        0.010000
28      0.017000        0.009000
29      0.018000        0.010000
30      0.020000        0.012000
31      0.021000        0.012000
32      0.023000        0.011000
33      0.024000        0.013000
34      0.027000        0.017000
35      0.027000        0.014000
36      0.030000        0.016000
37      0.030000        0.017000
38      0.031000        0.016000
39      0.032000        0.017000
40      0.035000        0.017000
41      0.035000        0.019000
42      0.037000        0.020000
43      0.041000        0.020000
44      0.044000        0.021000
45      0.044000        0.021000
46      0.045000        0.023000
47      0.047000        0.024000
48      0.048000        0.025000
49      0.050000        0.026000
50      0.052000        0.026000
51      0.055000        0.028000
52      0.056000        0.029000
53      0.059000        0.030000
54      0.059000        0.020000
55      0.063000        0.032000
56      0.066000        0.019000
57      0.068000        0.028000
58      0.071000        0.036000
59      0.076000        0.042000
60      0.078000        0.040000
61      0.081000        0.045000
62      0.088000        0.048000
63      0.090000        0.048000
64      0.090000        0.050000
65      0.092000        0.054000
66      0.087000        0.063000
67      0.098000        0.047000
68      0.094000        0.050000
69      0.095000        0.050000
70      0.196000        0.080000
71      0.106000        0.047000
72      0.094000        0.062000
73      0.103000        0.047000
74      0.110000        0.047000
75      0.109000        0.064000
76      0.142000        0.063000
77      0.116000        0.062000
78      0.110000        0.062000
79      0.125000        0.063000
80      0.125000        0.078000
81      0.124000        0.079000
82      0.125000        0.078000
83      0.125000        0.078000
84      0.141000        0.062000
85      0.140000        0.078000
86      0.141000        0.078000
87      0.140000        0.078000
88      0.156000        0.110000
89      0.172000        0.078000
90      0.156000        0.078000
91      0.157000        0.093000
92      0.156000        0.094000
93      0.171000        0.094000
94      0.187000        0.110000
95      0.171000        0.094000
96      0.187000        0.096000
97      0.187000        0.094000
98      0.187000        0.094000
99      0.188000        0.109000
100     0.188000        0.109000
101     0.203000        0.094000
102     0.203000        0.110000
103     0.204000        0.109000
104     0.203000        0.125000
105     0.218000        0.110000
106     0.219000        0.109000
107     0.219000        0.125000
108     0.218000        0.125000
109     0.234000        0.125000
110     0.234000        0.125000
111     0.235000        0.140000
112     0.250000        0.125000
113     0.250000        0.125000
114     0.250000        0.141000
115     0.250000        0.141000
116     0.265000        0.141000
117     0.265000        0.141000
118     0.266000        0.156000
119     0.281000        0.141000
120     0.275000        0.156000
121     0.281000        0.156000
122     0.296000        0.157000
123     0.297000        0.156000
124     0.313000        0.156000
125     0.313000        0.156000
126     0.313000        0.172000
127     0.313000        0.171000
128     0.313000        0.171000
129     0.328000        0.172000
130     0.329000        0.171000
131     0.328000        0.187000
132     0.344000        0.172000
133     0.343000        0.188000
134     0.343000        0.188000
135     0.360000        0.187000
136     0.360000        0.187000
137     0.359000        0.204000
138     0.375000        0.203000
139     0.375000        0.203000
140     0.391000        0.203000
141     0.390000        0.203000
142     0.391000        0.219000
143     0.406000        0.203000
144     0.406000        0.219000
145     0.406000        0.219000
146     0.422000        0.219000
147     0.422000        0.219000
148     0.437000        0.219000
149     0.437000        0.266000
150     0.456000        0.234000
151     0.453000        0.235000
152     0.453000        0.235000
153     0.516000        0.312000
154     0.641000        0.312000
155     0.529000        0.281000
156     0.484000        0.312000
157     0.515000        0.250000
158     0.500000        0.265000
159     0.500000        0.266000
160     0.500000        0.265000
161     0.531000        0.269000
162     0.516000        0.281000
163     0.515000        0.281000
164     0.531000        0.281000
165     0.531000        0.281000
166     0.547000        0.281000
167     0.547000        0.296000
168     0.562000        0.297000
169     0.578000        0.296000
170     0.578000        0.328000
171     0.578000        0.297000
172     0.578000        0.312000
173     0.593000        0.313000
174     0.594000        0.312000
175     0.594000        0.328000
176     0.609000        0.328000
177     0.610000        0.328000
178     0.625000        0.328000
179     0.625000        0.344000
180     0.641000        0.328000
181     0.641000        0.343000
182     0.656000        0.344000
183     0.656000        0.359000
184     0.672000        0.343000
185     0.672000        0.359000
186     0.687000        0.359000
187     0.719000        0.359000
188     0.703000        0.359000
189     0.711000        0.359000
190     0.703000        0.390000
191     0.719000        0.375000
192     0.718000        0.407000
193     0.734000        0.385000
194     0.750000        0.391000
195     0.750000        0.391000
196     0.750000        0.406000
197     0.766000        0.406000
198     0.796000        0.407000
199     0.781000        0.422000
200     0.781000        0.422000
201     0.797000        0.422000
202     0.859000        0.593000
203     0.969000        0.594000
204     0.843000        0.438000
205     0.859000        0.469000
206     0.859000        0.453000
207     0.843000        0.469000
208     0.860000        0.437000
209     0.859000        0.453000
210     0.874000        0.453000
211     0.875000        0.468000
212     0.890000        0.469000
213     0.890000        0.469000
214     0.906000        0.469000
215     0.906000        0.484000
216     0.922000        0.484000
217     0.953000        0.500000
218     0.938000        0.515000
219     0.969000        0.500000
220     0.968000        0.516000
221     0.968000        0.500000
222     0.968000        0.516000
223     0.984000        0.516000
224     0.984000        0.515000
225     1.000000        0.531000
226     1.015000        0.516000
227     1.016000        0.531000
228     1.031000        0.531000
229     1.031000        0.546000
230     1.047000        0.547000
231     1.078000        0.546000
232     1.062000        0.562000
233     1.063000        0.562000
234     1.078000        0.563000
235     1.093000        0.562000
236     1.094000        0.578000
237     1.109000        0.578000
238     1.124000        0.578000
239     1.140000        0.610000
240     1.141000        0.593000
241     1.140000        0.610000
242     1.156000        0.609000
243     1.172000        0.609000
244     1.172000        0.656000
245     1.188000        0.624000
246     1.187000        0.625000
247     1.202000        0.625000
248     1.218000        0.641000
249     1.219000        0.640000
250     1.234000        0.656000
251     1.250000        0.640000
252     1.250000        0.656000
253     1.265000        0.656000
254     1.265000        0.672000
255     1.297000        0.671000
256     1.297000        0.672000
257     1.296000        0.688000
258     1.312000        0.687000
259     1.343000        0.687000
260     1.328000        0.703000
261     1.343000        0.719000
262     1.359000        0.703000
263     1.359000        0.750000
264     1.374000        0.719000
265     1.390000        0.719000
266     1.390000        0.735000
267     1.406000        0.740000
268     1.422000        0.734000
269     1.437000        0.781000
270     1.437000        0.750000
271     1.453000        0.750000
272     1.453000        0.765000
273     1.469000        0.765000
274     1.484000        0.766000
275     1.484000        0.796000
276     1.500000        0.781000
277     1.515000        0.797000
278     1.518000        0.796000
279     1.530000        0.797000
280     1.546000        0.813000
281     1.563000        0.812000
282     1.562000        0.859000
283     1.578000        0.828000
284     1.594000        0.828000
285     1.609000        0.828000
286     1.609000        0.843000
287     1.624000        0.844000
288     1.672000        0.844000
289     1.859000        0.906000
290     1.656000        0.875000
291     1.671000        0.875000
292     1.687000        0.874000
293     1.694000        0.891000
294     1.703000        0.921000
295     1.719000        0.890000
296     1.734000        0.906000
297     1.734000        0.922000
298     1.750000        0.921000
299     1.765000        0.922000
300     1.766000        0.937000
301     1.781000        0.953000
302     1.796000        0.938000
303     1.812000        0.953000
304     1.829000        0.953000
305     1.828000        0.999000
306     1.843000        0.969000
307     1.851000        0.968000
308     1.874000        0.969000
309     1.875000        0.984000
310     1.890000        1.000000
311     1.906000        1.031000
312     1.921000        1.000000
313     1.937000        1.015000
314     1.937000        1.018000
315     1.952000        1.031000
316     1.969000        1.031000
317     1.984000        1.047000
318     2.000000        1.031000
319     1.999000        1.062000
320     2.031000        1.046000
321     2.015000        1.078000
322     2.047000        1.078000
323     2.063000        1.077000
324     2.047000        1.093000
325     2.078000        1.094000
326     2.077000        1.110000
327     2.093000        1.109000
328     2.109000        1.109000
329     2.109000        1.125000
330     2.141000        1.124000
331     2.171000        1.140000
332     2.155000        1.180000
333     2.171000        1.141000
334     2.203000        1.156000
335     2.219000        1.156000
336     2.218000        1.156000
337     2.218000        1.187000
338     2.234000        1.187000
339     2.250000        1.187000
340     2.265000        1.187000
341     2.297000        1.202000
342     2.296000        1.250000
343     2.374000        1.219000
344     2.328000        1.218000
345     2.327000        1.235000
346     2.344000        1.234000
347     2.359000        1.250000
348     2.390000        1.266000
349     2.390000        1.281000
350     2.405000        1.266000
351     2.421000        1.265000
352     2.421000        1.296000
353     2.437000        1.297000
354     2.468000        1.297000
355     2.468000        1.312000
356     2.484000        1.312000
357     2.500000        1.312000
358     2.515000        1.327000
359     2.531000        1.327000
360     2.530000        1.344000
361     2.547000        1.373000
362     2.561000        1.391000
363     2.593000        1.406000
364     2.593000        1.375000
365     2.624000        1.375000
366     2.625000        1.390000
367     2.640000        1.390000
368     2.656000        1.406000
369     2.671000        1.406000
370     2.709000        1.437000
371     2.712000        1.421000
372     2.718000        1.421000
373     2.734000        1.437000
374     2.749000        1.438000
375     2.749000        1.453000
376     2.765000        1.469000
377     2.796000        1.484000
378     2.828000        1.468000
379     2.812000        1.541000
380     2.827000        1.484000
381     2.843000        1.500000
382     2.858000        1.500000
383     2.875000        1.515000
384     2.890000        1.516000
385     2.905000        1.531000
386     2.922000        1.530000
387     2.936000        1.547000
388     2.952000        1.547000
389     2.968000        1.547000
390     2.984000        1.562000
391     2.999000        1.625000
392     3.015000        1.594000
393     3.062000        1.593000
394     3.046000        1.609000
395     3.062000        1.609000
396     3.077000        1.625000
397     3.093000        1.624000
398     3.108000        1.625000
399     3.125000        1.640000
400     3.155000        1.656000
401     3.156000        1.656000
402     3.172000        1.655000
403     3.187000        1.671000
404     3.233000        1.672000
405     3.221000        1.719000
406     3.234000        1.687000
407     3.250000        1.718000
408     3.265000        1.718000
409     3.281000        1.741000
410     3.296000        1.734000
411     3.311000        1.734000
412     3.327000        1.750000
413     3.343000        1.766000
414     3.359000        1.765000
415     3.374000        1.781000
416     3.421000        1.781000
417     3.436000        1.781000
418     3.437000        1.796000
419     3.437000        1.812000
420     3.453000        1.812000
421     3.484000        1.812000
422     3.499000        1.828000
423     3.499000        1.843000
424     3.531000        1.843000
425     3.546000        2.125000
426     3.561000        1.875000
427     3.609000        1.875000
428     3.609000        1.890000
429     3.608000        1.906000
430     3.625000        1.905000
431     3.640000        1.905000
432     3.666000        1.937000
433     3.686000        1.922000
434     3.687000        1.937000
435     3.718000        1.937000
436     3.733000        1.953000
437     3.765000        1.968000
438     3.796000        1.968000
439     3.811000        1.984000
440     3.796000        2.000000
441     3.812000        2.015000
442     3.827000        2.015000
443     3.842000        2.031000
444     3.859000        2.046000
445     3.890000        2.047000
446     3.907000        2.047000
447     3.921000        2.046000
448     3.968000        2.062000
449     3.968000        2.093000
450     3.967000        2.094000
451     3.986000        2.093000
452     4.015000        2.109000
453     4.030000        2.125000
454     4.046000        2.140000
455     4.061000        2.140000
456     4.078000        2.155000
457     4.093000        2.155000
458     4.124000        2.203000
459     4.139000        2.172000
460     4.155000        2.172000
461     4.171000        2.187000
462     4.187000        2.218000
463     4.202000        2.218000
464     4.218000        2.218000
465     4.233000        2.234000
466     4.264000        2.234000
467     4.312000        2.249000
468     4.312000        2.265000
469     4.311000        2.265000
470     4.343000        2.280000
471     4.390000        2.281000
472     4.374000        2.296000
473     4.390000        2.312000
474     4.405000        2.328000
475     4.435000        2.359000
476     4.467000        2.344000
477     4.483000        2.343000
478     4.484000        2.359000
479     4.499000        2.374000
480     4.530000        2.374000
481     4.546000        2.390000
482     4.561000        2.421000
483     4.592000        2.406000
484     4.593000        2.531000
485     4.608000        2.469000
486     4.639000        2.437000
487     4.655000        2.453000
488     4.671000        2.468000
489     4.702000        2.468000
490     4.718000        2.484000
491     4.749000        2.500000
492     4.749000        2.515000
493     4.796000        2.499000
494     4.823000        2.531000
495     4.812000        2.515000
496     4.827000        2.531000
497     4.842000        2.547000
498     4.859000        2.562000
499     4.890000        2.561000
500     4.921000        2.577000