Block   Quick_sort      Merge_sort
1       0.000000        0.000000
2       0.000000        0.000000
3       0.000000        0.001000
4       0.000000        0.000000
5       0.000000        0.000000
6       0.000000        0.000000
7       0.001000        0.000000
8       0.000000        0.001000
9       0.000000        0.001000
10      0.000000        0.001000
11      0.000000        0.000000
12      0.000000        0.000000
13      0.001000        0.000000
14      0.000000        0.000000
15      0.001000        0.000000
16      0.000000        0.001000
17      0.000000        0.000000
18      0.000000        0.001000
19      0.000000        0.000000
20      0.000000        0.001000
21      0.000000        0.000000
22      0.000000        0.001000
23      0.001000        0.000000
24      0.001000        0.000000
25      0.001000        0.000000
26      0.000000        0.001000
27      0.001000        0.000000
28      0.000000        0.001000
29      0.000000        0.001000
30      0.001000        0.001000
31      0.000000        0.001000
32      0.000000        0.001000
33      0.000000        0.001000
34      0.001000        0.001000
35      0.000000        0.001000
36      0.000000        0.001000
37      0.000000        0.001000
38      0.001000        0.001000
39      0.000000        0.001000
40      0.001000        0.001000
41      0.001000        0.001000
42      0.001000        0.002000
43      0.000000        0.001000
44      0.001000        0.001000
45      0.001000        0.001000
46      0.001000        0.001000
47      0.001000        0.001000
48      0.001000        0.001000
49      0.001000        0.001000
50      0.001000        0.002000
51      0.001000        0.001000
52      0.001000        0.002000
53      0.001000        0.001000
54      0.001000        0.001000
55      0.001000        0.001000
56      0.001000        0.001000
57      0.001000        0.001000
58      0.001000        0.001000
59      0.001000        0.002000
60      0.001000        0.001000
61      0.001000        0.002000
62      0.001000        0.002000
63      0.001000        0.002000
64      0.001000        0.002000
65      0.001000        0.002000
66      0.001000        0.002000
67      0.001000        0.002000
68      0.001000        0.003000
69      0.002000        0.002000
70      0.001000        0.002000
71      0.001000        0.004000
72      0.001000        0.003000
73      0.001000        0.002000
74      0.002000        0.002000
75      0.001000        0.002000
76      0.002000        0.002000
77      0.003000        0.002000
78      0.001000        0.002000
79      0.002000        0.002000
80      0.002000        0.002000
81      0.001000        0.002000
82      0.002000        0.003000
83      0.002000        0.002000
84      0.002000        0.002000
85      0.001000        0.003000
86      0.001000        0.003000
87      0.002000        0.002000
88      0.002000        0.003000
89      0.001000        0.002000
90      0.002000        0.002000
91      0.003000        0.003000
92      0.002000        0.002000
93      0.001000        0.003000
94      0.002000        0.002000
95      0.004000        0.002000
96      0.001000        0.003000
97      0.002000        0.002000
98      0.002000        0.003000
99      0.002000        0.003000
100     0.002000        0.004000
101     0.002000        0.003000
102     0.002000        0.003000
103     0.003000        0.003000
104     0.002000        0.004000
105     0.002000        0.003000
106     0.002000        0.003000
107     0.003000        0.003000
108     0.002000        0.005000
109     0.002000        0.005000
110     0.002000        0.006000
111     0.002000        0.008000
112     0.003000        0.003000
113     0.003000        0.003000
114     0.002000        0.003000
115     0.002000        0.003000
116     0.002000        0.003000
117     0.003000        0.003000
118     0.003000        0.003000
119     0.003000        0.003000
120     0.003000        0.003000
121     0.003000        0.004000
122     0.003000        0.003000
123     0.002000        0.004000
124     0.003000        0.004000
125     0.003000        0.004000
126     0.003000        0.004000
127     0.003000        0.004000
128     0.002000        0.003000
129     0.002000        0.004000
130     0.002000        0.004000
131     0.003000        0.003000
132     0.003000        0.003000
133     0.002000        0.003000
134     0.003000        0.003000
135     0.002000        0.004000
136     0.003000        0.004000
137     0.002000        0.005000
138     0.003000        0.004000
139     0.002000        0.005000
140     0.003000        0.005000
141     0.003000        0.005000
142     0.003000        0.005000
143     0.003000        0.006000
144     0.004000        0.004000
145     0.004000        0.005000
146     0.003000        0.004000
147     0.004000        0.004000
148     0.003000        0.003000
149     0.003000        0.004000
150     0.003000        0.004000
151     0.003000        0.003000
152     0.003000        0.004000
153     0.003000        0.004000
154     0.003000        0.004000
155     0.003000        0.005000
156     0.003000        0.005000
157     0.005000        0.004000
158     0.004000        0.005000
159     0.004000        0.004000
160     0.003000        0.004000
161     0.004000        0.005000
162     0.004000        0.005000
163     0.004000        0.004000
164     0.003000        0.004000
165     0.003000        0.004000
166     0.003000        0.005000
167     0.003000        0.006000
168     0.004000        0.005000
169     0.004000        0.004000
170     0.003000        0.004000
171     0.003000        0.006000
172     0.004000        0.005000
173     0.003000        0.005000
174     0.003000        0.006000
175     0.005000        0.005000
176     0.003000        0.004000
177     0.003000        0.005000
178     0.004000        0.006000
179     0.004000        0.005000
180     0.004000        0.005000
181     0.003000        0.005000
182     0.004000        0.006000
183     0.004000        0.005000
184     0.003000        0.005000
185     0.004000        0.006000
186     0.004000        0.004000
187     0.004000        0.006000
188     0.005000        0.006000
189     0.004000        0.004000
190     0.004000        0.006000
191     0.004000        0.006000
192     0.004000        0.005000
193     0.004000        0.006000
194     0.004000        0.005000
195     0.004000        0.006000
196     0.005000        0.005000
197     0.004000        0.005000
198     0.004000        0.007000
199     0.005000        0.005000
200     0.004000        0.005000
201     0.006000        0.005000
202     0.004000        0.006000
203     0.005000        0.006000
204     0.004000        0.005000
205     0.005000        0.006000
206     0.004000        0.005000
207     0.005000        0.005000
208     0.004000        0.005000
209     0.004000        0.007000
210     0.004000        0.006000
211     0.005000        0.007000
212     0.004000        0.005000
213     0.005000        0.006000
214     0.004000        0.006000
215     0.005000        0.006000
216     0.004000        0.007000
217     0.004000        0.006000
218     0.004000        0.006000
219     0.004000        0.006000
220     0.005000        0.007000
221     0.004000        0.006000
222     0.005000        0.007000
223     0.005000        0.006000
224     0.006000        0.006000
225     0.005000        0.007000
226     0.005000        0.006000
227     0.005000        0.006000
228     0.005000        0.007000
229     0.004000        0.006000
230     0.005000        0.007000
231     0.004000        0.007000
232     0.005000        0.006000
233     0.006000        0.006000
234     0.005000        0.007000
235     0.005000        0.006000
236     0.006000        0.007000
237     0.005000        0.008000
238     0.005000        0.007000
239     0.006000        0.007000
240     0.005000        0.008000
241     0.004000        0.008000
242     0.006000        0.006000
243     0.006000        0.007000
244     0.005000        0.008000
245     0.004000        0.007000
246     0.005000        0.007000
247     0.004000        0.007000
248     0.005000        0.008000
249     0.005000        0.009000
250     0.005000        0.007000
251     0.005000        0.007000
252     0.006000        0.007000
253     0.005000        0.008000
254     0.005000        0.008000
255     0.005000        0.007000
256     0.005000        0.007000
257     0.006000        0.007000
258     0.005000        0.008000
259     0.005000        0.009000
260     0.006000        0.007000
261     0.005000        0.007000
262     0.005000        0.007000
263     0.006000        0.007000
264     0.006000        0.007000
265     0.005000        0.009000
266     0.005000        0.008000
267     0.005000        0.008000
268     0.005000        0.009000
269     0.006000        0.007000
270     0.006000        0.007000
271     0.006000        0.007000
272     0.007000        0.007000
273     0.005000        0.008000
274     0.006000        0.007000
275     0.006000        0.007000
276     0.007000        0.007000
277     0.007000        0.007000
278     0.007000        0.007000
279     0.007000        0.007000
280     0.006000        0.007000
281     0.006000        0.007000
282     0.006000        0.007000
283     0.007000        0.008000
284     0.008000        0.007000
285     0.006000        0.008000
286     0.006000        0.009000
287     0.005000        0.008000
288     0.006000        0.008000
289     0.006000        0.008000
290     0.006000        0.009000
291     0.006000        0.009000
292     0.006000        0.009000
293     0.006000        0.010000
294     0.006000        0.009000
295     0.008000        0.008000
296     0.006000        0.010000
297     0.006000        0.009000
298     0.008000        0.008000
299     0.007000        0.009000
300     0.011000        0.012000
301     0.012000        0.011000
302     0.008000        0.011000
303     0.010000        0.009000
304     0.006000        0.010000
305     0.009000        0.008000
306     0.007000        0.008000
307     0.007000        0.011000
308     0.007000        0.008000
309     0.006000        0.009000
310     0.009000        0.026000
311     0.007000        0.009000
312     0.007000        0.009000
313     0.007000        0.010000
314     0.008000        0.008000
315     0.007000        0.008000
316     0.007000        0.011000
317     0.007000        0.014000
318     0.008000        0.012000
319     0.008000        0.011000
320     0.007000        0.012000
321     0.009000        0.012000
322     0.007000        0.010000
323     0.008000        0.037000
324     0.007000        0.011000
325     0.011000        0.012000
326     0.007000        0.011000
327     0.007000        0.010000
328     0.007000        0.009000
329     0.007000        0.009000
330     0.008000        0.009000
331     0.006000        0.000000
332     0.006000        0.009000
333     0.003000        0.000000
334     0.007000        0.009000
335     0.007000        0.010000
336     0.006000        0.011000
337     0.007000        0.010000
338     0.007000        0.009000
339     0.007000        0.004000
340     0.007000        0.009000
341     0.008000        0.010000
342     0.001000        0.000000
343     0.007000        0.009000
344     0.007000        0.005000
345     0.007000        0.012000
346     0.009000        0.011000
347     0.007000        0.012000
348     0.007000        0.010000
349     0.007000        0.009000
350     0.007000        0.009000
351     0.006000        0.000000
352     0.003000        0.015000
353     0.008000        0.009000
354     0.007000        0.000000
355     0.007000        0.009000
356     0.008000        0.010000
357     0.008000        0.009000
358     0.008000        0.012000
359     0.007000        0.010000
360     0.004000        0.000000
361     0.007000        0.008000
362     0.007000        0.010000
363     0.007000        0.010000
364     0.006000        0.011000
365     0.008000        0.010000
366     0.008000        0.010000
367     0.008000        0.010000
368     0.007000        0.011000
369     0.008000        0.010000
370     0.007000        0.010000
371     0.008000        0.010000
372     0.007000        0.011000
373     0.008000        0.010000
374     0.008000        0.010000
375     0.008000        0.010000
376     0.007000        0.006000
377     0.008000        0.010000
378     0.008000        0.003000
379     0.007000        0.011000
380     0.008000        0.010000
381     0.008000        0.012000
382     0.008000        0.010000
383     0.002000        0.015000
384     0.008000        0.011000
385     0.008000        0.011000
386     0.011000        0.013000
387     0.008000        0.011000
388     0.008000        0.011000
389     0.009000        0.010000
390     0.003000        0.015000
391     0.007000        0.004000
392     0.009000        0.011000
393     0.008000        0.011000
394     0.007000        0.008000
395     0.009000        0.010000
396     0.000000        0.023000
397     0.009000        0.013000
398     0.009000        0.011000
399     0.009000        0.008000
400     0.008000        0.011000
401     0.008000        0.006000
402     0.009000        0.011000
403     0.008000        0.011000
404     0.002000        0.016000
405     0.010000        0.013000
406     0.011000        0.013000
407     0.008000        0.007000
408     0.008000        0.011000
409     0.008000        0.002000
410     0.008000        0.008000
411     0.008000        0.011000
412     0.009000        0.005000
413     0.009000        0.015000
414     0.010000        0.014000
415     0.008000        0.011000
416     0.002000        0.019000
417     0.008000        0.012000
418     0.008000        0.012000
419     0.000000        0.021000
420     0.009000        0.012000
421     0.008000        0.011000
422     0.000000        0.016000
423     0.004000        0.016000
424     0.008000        0.001000
425     0.009000        0.005000
426     0.009000        0.010000
427     0.009000        0.011000
428     0.008000        0.011000
429     0.009000        0.004000
430     0.009000        0.012000
431     0.005000        0.016000
432     0.009000        0.000000
433     0.012000        0.016000
434     0.009000        0.015000
435     0.009000        0.010000
436     0.009000        0.012000
437     0.009000        0.012000
438     0.000000        0.016000
439     0.000000        0.022000
440     0.011000        0.014000
441     0.009000        0.013000
442     0.010000        0.013000
443     0.009000        0.018000
444     0.009000        0.003000
445     0.002000        0.015000
446     0.004000        0.015000
447     0.000000        0.015000
448     0.000000        0.015000
449     0.000000        0.026000
450     0.009000        0.013000
451     0.000000        0.015000
452     0.000000        0.015000
453     0.001000        0.015000
454     0.004000        0.015000
455     0.006000        0.015000
456     0.007000        0.000000
457     0.009000        0.000000
458     0.009000        0.002000
459     0.010000        0.003000
460     0.009000        0.014000
461     0.009000        0.002000
462     0.009000        0.003000
463     0.010000        0.003000
464     0.010000        0.003000
465     0.009000        0.002000
466     0.000000        0.015000
467     0.000000        0.015000
468     0.012000        0.016000
469     0.018000        0.049000
470     0.015000        0.016000
471     0.010000        0.011000
472     0.010000        0.010000
473     0.011000        0.009000
474     0.010000        0.009000
475     0.010000        0.008000
476     0.011000        0.013000
477     0.000000        0.016000
478     0.000000        0.016000
479     0.010000        0.003000
480     0.011000        0.014000
481     0.011000        0.014000
482     0.011000        0.014000
483     0.015000        0.015000
484     0.012000        0.010000
485     0.011000        0.014000
486     0.000000        0.016000
487     0.015000        0.000000
488     0.010000        0.014000
489     0.010000        0.014000
490     0.010000        0.014000
491     0.012000        0.017000
492     0.011000        0.017000
493     0.004000        0.016000
494     0.010000        0.014000
495     0.010000        0.003000
496     0.010000        0.000000
497     0.008000        0.016000
498     0.011000        0.016000
499     0.010000        0.020000
500     0.011000        0.005000
501     0.011000        0.002000
502     0.009000        0.000000
503     0.011000        0.014000
504     0.010000        0.001000
505     0.008000        0.017000
506     0.011000        0.017000
507     0.013000        0.016000
508     0.011000        0.014000
509     0.002000        0.016000
510     0.000000        0.016000
511     0.016000        0.018000
512     0.011000        0.016000
513     0.012000        0.015000
514     0.011000        0.006000
515     0.008000        0.016000
516     0.011000        0.015000
517     0.011000        0.002000
518     0.008000        0.016000
519     0.011000        0.015000
520     0.010000        0.015000
521     0.012000        0.015000
522     0.011000        0.002000
523     0.007000        0.016000
524     0.000000        0.016000
525     0.017000        0.015000
526     0.011000        0.010000
527     0.011000        0.005000
528     0.010000        0.015000
529     0.011000        0.008000
530     0.011000        0.014000
531     0.010000        0.012000
532     0.011000        0.004000
533     0.006000        0.015000
534     0.000000        0.015000
535     0.020000        0.014000
536     0.011000        0.022000
537     0.000000        0.016000
538     0.011000        0.016000
539     0.004000        0.015000
540     0.012000        0.001000
541     0.006000        0.015000
542     0.012000        0.015000
543     0.002000        0.016000
544     0.012000        0.015000
545     0.001000        0.015000
546     0.019000        0.015000
547     0.012000        0.016000
548     0.012000        0.016000
549     0.012000        0.014000
550     0.012000        0.016000
551     0.012000        0.018000
552     0.012000        0.020000
553     0.001000        0.016000
554     0.013000        0.001000
555     0.000000        0.028000
556     0.014000        0.017000
557     0.008000        0.024000
558     0.014000        0.018000
559     0.013000        0.022000
560     0.014000        0.017000
561     0.014000        0.019000
562     0.015000        0.020000
563     0.015000        0.023000
564     0.013000        0.018000
565     0.012000        0.019000
566     0.013000        0.020000
567     0.015000        0.019000
568     0.014000        0.019000
569     0.014000        0.018000
570     0.013000        0.019000
571     0.013000        0.020000
572     0.014000        0.019000
573     0.000000        0.030000
574     0.012000        0.014000
575     0.002000        0.015000
576     0.016000        0.016000
577     0.000000        0.031000
578     0.014000        0.019000
579     0.001000        0.015000
580     0.010000        0.015000
581     0.010000        0.016000
582     0.016000        0.016000
583     0.013000        0.016000
584     0.014000        0.020000
585     0.013000        0.018000
586     0.016000        0.015000
587     0.023000        0.018000
588     0.015000        0.019000
589     0.015000        0.016000
590     0.016000        0.016000
591     0.000000        0.036000
592     0.016000        0.016000
593     0.012000        0.015000
594     0.013000        0.020000
595     0.013000        0.020000
596     0.014000        0.018000
597     0.014000        0.023000
598     0.015000        0.017000
599     0.002000        0.016000
600     0.022000        0.023000
601     0.015000        0.020000
602     0.016000        0.016000
603     0.016000        0.031000
604     0.000000        0.016000
605     0.016000        0.015000
606     0.015000        0.016000
607     0.024000        0.020000
608     0.013000        0.018000
609     0.014000        0.017000
610     0.014000        0.018000
611     0.013000        0.017000
612     0.013000        0.018000
613     0.014000        0.018000
614     0.014000        0.019000
615     0.014000        0.021000
616     0.000000        0.031000
617     0.015000        0.007000
618     0.015000        0.016000
619     0.028000        0.021000
620     0.015000        0.007000
621     0.014000        0.007000
622     0.016000        0.012000
623     0.015000        0.016000
624     0.000000        0.037000
625     0.015000        0.016000
626     0.004000        0.016000
627     0.011000        0.015000
628     0.024000        0.020000
629     0.016000        0.022000
630     0.016000        0.015000
631     0.016000        0.026000
632     0.015000        0.016000
633     0.016000        0.026000
634     0.014000        0.006000
635     0.007000        0.016000
636     0.016000        0.015000
637     0.015000        0.031000
638     0.016000        0.031000
639     0.014000        0.023000
640     0.004000        0.031000
641     0.014000        0.019000
642     0.009000        0.015000
643     0.016000        0.015000
644     0.000000        0.031000
645     0.014000        0.018000
646     0.015000        0.031000
647     0.016000        0.031000
648     0.016000        0.031000
649     0.020000        0.021000
650     0.015000        0.016000
651     0.015000        0.027000
652     0.016000        0.015000
653     0.016000        0.016000
654     0.015000        0.016000
655     0.015000        0.020000
656     0.015000        0.016000
657     0.015000        0.016000
658     0.015000        0.015000
659     0.015000        0.016000
660     0.015000        0.016000
661     0.016000        0.020000
662     0.017000        0.024000
663     0.016000        0.021000
664     0.016000        0.013000
665     0.016000        0.016000
666     0.028000        0.027000
667     0.015000        0.026000
668     0.015000        0.016000
669     0.000000        0.031000
670     0.017000        0.008000
671     0.016000        0.031000
672     0.023000        0.021000
673     0.001000        0.034000
674     0.008000        0.016000
675     0.014000        0.026000
676     0.015000        0.019000
677     0.015000        0.018000
678     0.016000        0.015000
679     0.016000        0.033000
680     0.016000        0.031000
681     0.015000        0.010000
682     0.016000        0.015000
683     0.021000        0.026000
684     0.020000        0.019000
685     0.016000        0.018000
686     0.018000        0.025000
687     0.014000        0.020000
688     0.011000        0.015000
689     0.014000        0.023000
690     0.017000        0.024000
691     0.016000        0.015000
692     0.015000        0.018000
693     0.044000        0.029000
694     0.020000        0.020000
695     0.000000        0.036000
696     0.016000        0.023000
697     0.008000        0.027000
698     0.016000        0.021000
699     0.019000        0.023000
700     0.015000        0.022000
701     0.015000        0.021000
702     0.015000        0.022000
703     0.015000        0.021000
704     0.015000        0.022000
705     0.016000        0.021000
706     0.016000        0.022000
707     0.016000        0.020000
708     0.016000        0.021000
709     0.016000        0.020000
710     0.011000        0.016000
711     0.016000        0.031000
712     0.015000        0.016000
713     0.017000        0.021000
714     0.015000        0.024000
715     0.016000        0.021000
716     0.007000        0.029000
717     0.017000        0.023000
718     0.016000        0.021000
719     0.010000        0.035000
720     0.016000        0.024000
721     0.004000        0.031000
722     0.016000        0.027000
723     0.016000        0.021000
724     0.015000        0.019000
725     0.015000        0.016000
726     0.015000        0.016000
727     0.016000        0.031000
728     0.015000        0.016000
729     0.016000        0.015000
730     0.015000        0.032000
731     0.016000        0.015000
732     0.009000        0.016000
733     0.016000        0.031000
734     0.016000        0.016000
735     0.015000        0.016000
736     0.016000        0.031000
737     0.015000        0.016000
738     0.011000        0.016000
739     0.016000        0.016000
740     0.018000        0.026000
741     0.015000        0.011000
742     0.020000        0.023000
743     0.016000        0.022000
744     0.013000        0.015000
745     0.016000        0.016000
746     0.016000        0.031000
747     0.016000        0.022000
748     0.019000        0.031000
749     0.017000        0.023000
750     0.018000        0.023000
751     0.017000        0.022000
752     0.017000        0.021000
753     0.016000        0.016000
754     0.015000        0.016000
755     0.016000        0.031000
756     0.015000        0.016000
757     0.016000        0.029000
758     0.016000        0.012000
759     0.020000        0.027000
760     0.017000        0.023000
761     0.017000        0.013000
762     0.017000        0.014000
763     0.017000        0.022000
764     0.017000        0.023000
765     0.018000        0.024000
766     0.018000        0.022000
767     0.017000        0.022000
768     0.017000        0.023000
769     0.017000        0.023000
770     0.017000        0.023000
771     0.017000        0.022000
772     0.017000        0.023000
773     0.017000        0.024000
774     0.016000        0.012000
775     0.018000        0.024000
776     0.017000        0.024000
777     0.017000        0.023000
778     0.017000        0.021000
779     0.017000        0.018000
780     0.015000        0.047000
781     0.016000        0.015000
782     0.012000        0.027000
783     0.018000        0.024000
784     0.018000        0.023000
785     0.017000        0.023000
786     0.017000        0.023000
787     0.018000        0.023000
788     0.017000        0.022000
789     0.018000        0.023000
790     0.018000        0.030000
791     0.020000        0.018000
792     0.017000        0.013000
793     0.018000        0.025000
794     0.018000        0.024000
795     0.018000        0.023000
796     0.017000        0.024000
797     0.018000        0.023000
798     0.018000        0.018000
799     0.017000        0.011000
800     0.018000        0.025000
801     0.018000        0.025000
802     0.017000        0.023000
803     0.018000        0.023000
804     0.018000        0.025000
805     0.017000        0.024000
806     0.018000        0.023000
807     0.019000        0.026000
808     0.017000        0.019000
809     0.013000        0.027000
810     0.018000        0.024000
811     0.017000        0.013000
812     0.017000        0.008000
813     0.018000        0.018000
814     0.017000        0.024000
815     0.017000        0.023000
816     0.012000        0.015000
817     0.020000        0.024000
818     0.018000        0.023000
819     0.018000        0.017000
820     0.012000        0.015000
821     0.018000        0.018000
822     0.012000        0.016000
823     0.017000        0.018000
824     0.014000        0.015000
825     0.018000        0.019000
826     0.018000        0.011000
827     0.018000        0.024000
828     0.011000        0.031000
829     0.019000        0.017000
830     0.010000        0.031000
831     0.021000        0.026000
832     0.020000        0.030000
833     0.024000        0.031000
834     0.022000        0.026000
835     0.021000        0.031000
836     0.019000        0.027000
837     0.020000        0.026000
838     0.018000        0.028000
839     0.019000        0.025000
840     0.020000        0.026000
841     0.020000        0.027000
842     0.019000        0.027000
843     0.019000        0.024000
844     0.019000        0.014000
845     0.019000        0.020000
846     0.012000        0.016000
847     0.019000        0.025000
848     0.018000        0.020000
849     0.019000        0.026000
850     0.019000        0.025000
851     0.019000        0.024000
852     0.019000        0.016000
853     0.009000        0.032000
854     0.016000        0.015000
855     0.019000        0.018000
856     0.018000        0.024000
857     0.016000        0.016000
858     0.018000        0.018000
859     0.008000        0.031000
860     0.013000        0.016000
861     0.015000        0.016000
862     0.018000        0.016000
863     0.007000        0.031000
864     0.012000        0.031000
865     0.016000        0.016000
866     0.017000        0.015000
867     0.019000        0.019000
868     0.008000        0.031000
869     0.009000        0.031000
870     0.031000        0.015000
871     0.009000        0.032000
872     0.012000        0.031000
873     0.015000        0.016000
874     0.018000        0.016000
875     0.019000        0.017000
876     0.006000        0.032000
877     0.010000        0.031000
878     0.015000        0.032000
879     0.019000        0.016000
880     0.019000        0.016000
881     0.005000        0.032000
882     0.010000        0.031000
883     0.019000        0.021000
884     0.015000        0.015000
885     0.017000        0.016000
886     0.019000        0.016000
887     0.018000        0.016000
888     0.006000        0.031000
889     0.008000        0.031000
890     0.009000        0.031000
891     0.010000        0.031000
892     0.012000        0.031000
893     0.013000        0.032000
894     0.014000        0.031000
895     0.016000        0.016000
896     0.018000        0.016000
897     0.020000        0.014000
898     0.019000        0.016000
899     0.019000        0.015000
900     0.019000        0.016000
901     0.019000        0.015000
902     0.019000        0.016000
903     0.019000        0.015000
904     0.020000        0.013000
905     0.017000        0.016000
906     0.021000        0.012000
907     0.015000        0.015000
908     0.015000        0.016000
909     0.015000        0.015000
910     0.016000        0.016000
911     0.015000        0.031000
912     0.015000        0.031000
913     0.015000        0.031000
914     0.013000        0.032000
915     0.012000        0.031000
916     0.009000        0.031000
917     0.008000        0.031000
918     0.006000        0.031000
919     0.022000        0.027000
920     0.020000        0.013000
921     0.015000        0.015000
922     0.013000        0.031000
923     0.013000        0.032000
924     0.011000        0.032000
925     0.009000        0.031000
926     0.007000        0.031000
927     0.018000        0.016000
928     0.020000        0.028000
929     0.013000        0.032000
930     0.011000        0.031000
931     0.009000        0.031000
932     0.007000        0.032000
933     0.019000        0.015000
934     0.017000        0.016000
935     0.014000        0.032000
936     0.015000        0.047000
937     0.020000        0.032000
938     0.011000        0.031000
939     0.009000        0.031000
940     0.020000        0.016000
941     0.015000        0.031000
942     0.015000        0.032000
943     0.012000        0.032000
944     0.021000        0.015000
945     0.016000        0.031000
946     0.011000        0.031000
947     0.007000        0.032000
948     0.018000        0.015000
949     0.014000        0.031000
950     0.009000        0.031000
951     0.015000        0.031000
952     0.010000        0.032000
953     0.019000        0.016000
954     0.015000        0.031000
955     0.009000        0.031000
956     0.019000        0.016000
957     0.014000        0.031000
958     0.010000        0.031000
959     0.016000        0.031000
960     0.010000        0.037000
961     0.013000        0.031000
962     0.007000        0.031000
963     0.015000        0.032000
964     0.008000        0.031000
965     0.017000        0.031000
966     0.013000        0.031000
967     0.006000        0.032000
968     0.016000        0.031000
969     0.010000        0.031000
970     0.020000        0.015000
971     0.021000        0.025000
972     0.008000        0.031000
973     0.016000        0.031000
974     0.010000        0.032000
975     0.019000        0.016000
976     0.013000        0.031000
977     0.020000        0.016000
978     0.022000        0.024000
979     0.022000        0.015000
980     0.014000        0.031000
981     0.006000        0.031000
982     0.016000        0.031000
983     0.008000        0.032000
984     0.016000        0.031000
985     0.007000        0.031000
986     0.015000        0.031000
987     0.008000        0.031000
988     0.016000        0.031000
989     0.008000        0.031000
990     0.015000        0.031000
991     0.007000        0.032000
992     0.014000        0.031000
993     0.022000        0.016000
994     0.022000        0.023000
995     0.021000        0.015000
996     0.012000        0.031000
997     0.017000        0.031000
998     0.007000        0.031000
999     0.014000        0.031000
1000    0.019000        0.031000 