Block   SS_time         SS_swaps        SS_compares     IS_time         IS_swaps        IS_compares

1       0.000000        99              4950            0.000000        2465            2465    
2       0.000000        199             19900           0.000000        9247            9247    
3       0.000000        299             44850           0.000000        22440           22440   
4       0.001000        399             79800           0.000000        41416           41416   
5       0.000000        499             124750          0.000000        62599           62599   
6       0.001000        599             179700          0.003000        91400           91400   
7       0.000000        699             244650          0.003000        127002          127002  
8       0.004000        799             319600          0.004000        166554          166554  
9       0.002000        899             404550          0.000000        207724          207724  
10      0.002000        999             499500          0.000000        254306          254306  
11      0.009000        1099            604450          0.001000        304369          304369  
12      0.004000        1199            719400          0.001000        355401          355401
13      0.004000        1299            844350          0.000000        414038          414038
14      0.004000        1399            979300          0.003000        473576          473576
15      0.005000        1499            1124250         0.007000        549290          549290
16      0.001000        1599            1279200         0.013000        622114          622114
17      0.010000        1699            1444150         0.005000        708876          708876
18      0.012000        1799            1619100         0.006000        798631          798631
19      0.008000        1899            1804050         0.008000        897394          897394
20      0.007000        1999            1999000         0.011000        997848          997848
21      0.015000        2099            2203950         0.008000        1093614         1093614
22      0.013000        2199            2418900         0.006000        1197663         1197663
23      0.012000        2299            2643850         0.009000        1314829         1314829
24      0.021000        2399            2878800         0.012000        1432705         1432705
25      0.020000        2499            3123750         0.009000        1552766         1552766
26      0.017000        2599            3378700         0.010000        1674635         1674635
27      0.015000        2699            3643650         0.013000        1808427         1808427
28      0.017000        2799            3918600         0.011000        1953418         1953418
29      0.019000        2899            4203550         0.012000        2099071         2099071
30      0.019000        2999            4498500         0.014000        2243359         2243359
31      0.019000        3099            4803450         0.029000        2405909         2405909
32      0.030000        3199            5118400         0.013000        2563900         2563900
33      0.031000        3299            5443350         0.025000        2713414         2713414
34      0.030000        3399            5778300         0.023000        2887510         2887510
35      0.037000        3499            6123250         0.020000        3063069         3063069 
36      0.034000        3599            6478200         0.028000        3225033         3225033 
37      0.033000        3699            6843150         0.020000        3423958         3423958 
38      0.027000        3799            7218100         0.028000        3588511         3588511 
39      0.032000        3899            7603050         0.015000        3786779         3786779 
40      0.036000        3999            7998000         0.030000        3979450         3979450 
41      0.044000        4099            8402950         0.028000        4186683         4186683 
42      0.034000        4199            8817900         0.022000        4406848         4406848 
43      0.036000        4299            9242850         0.029000        4606725         4606725 
44      0.043000        4399            9677800         0.023000        4821470         4821470 
45      0.045000        4499            10122750        0.027000        5028971         5028971 
46      0.047000        4599            10577700        0.027000        5292001         5292001 
47      0.042000        4699            11042650        0.030000        5540187         5540187 
48      0.047000        4799            11517600        0.033000        5778856         5778856 
49      0.047000        4899            12002550        0.030000        6055339         6055339 
50      0.053000        4999            12497500        0.028000        6299818         6299818 
51      0.056000        5099            13002450        0.035000        6524469         6524469 
52      0.060000        5199            13517400        0.029000        6804884         6804884 
53      0.056000        5299            14042350        0.034000        7087650         7087650 
54      0.061000        5399            14577300        0.033000        7345577         7345577 
55      0.059000        5499            15122250        0.032000        7656360         7656360 
56      0.062000        5599            15677200        0.043000        7923047         7923047 
57      0.062000        5699            16242150        0.042000        8197809         8197809 
58      0.066000        5799            16817100        0.034000        8485479         8485479 
59      0.070000        5899            17402050        0.033000        8794633         8794633 
60      0.068000        5999            17997000        0.050000        9071570         9071570 
61      0.079000        6099            18601950        0.049000        9397511         9397511 
62      0.080000        6199            19216900        0.033000        9691385         9691385 
63      0.082000        6299            19841850        0.054000        10002328        10002328
64      0.088000        6399            20476800        0.057000        10324128        10324128
65      0.092000        6499            21121750        0.053000        10670843        10670843
66      0.092000        6599            21776700        0.055000        10972087        10972087
67      0.091000        6699            22441650        0.049000        11314135        11314135
68      0.086000        6799            23116600        0.068000        11639993        11639993
69      0.096000        6899            23801550        0.064000        11947767        11947767
70      0.096000        6999            24496500        0.063000        12308861        12308861
71      0.111000        7099            25201450        0.050000        12632223        12632223
72      0.109000        7199            25916400        0.057000        12956851        12956851
73      0.102000        7299            26641350        0.067000        13293163        13293163
74      0.115000        7399            27376300        0.066000        13655336        13655336
75      0.119000        7499            28121250        0.068000        14033279        14033279
76      0.111000        7599            28876200        0.079000        14406986        14406986
77      0.126000        7699            29641150        0.059000        14812514        14812514
78      0.125000        7799            30416100        0.080000        15187997        15187997
79      0.129000        7899            31201050        0.074000        15590772        15590772
80      0.133000        7999            31996000        0.075000        16047145        16047145
81      0.139000        8099            32800950        0.086000        16480325        16480325
82      0.140000        8199            33615900        0.081000        16908511        16908511
83      0.146000        8299            34440850        0.086000        17310909        17310909
84      0.142000        8399            35275800        0.092000        17731315        17731315
85      0.149000        8499            36120750        0.101000        18163561        18163561
86      0.163000        8599            36975700        0.190000        18571619        18571619
87      0.213000        8699            37840650        0.133000        19008025        19008025
88      0.250000        8799            38715600        0.150000        19474545        19474545
89      0.275000        8899            39600550        0.130000        19884000        19884000
90      0.181000        8999            40495500        0.102000        20370120        20370120
91      0.160000        9099            41400450        0.116000        20766745        20766745
92      0.187000        9199            42315400        0.115000        21219112        21219112
93      0.192000        9299            43240350        0.112000        21642312        21642312
94      0.186000        9399            44175300        0.114000        22078093        22078093
95      0.187000        9499            45120250        0.123000        22521781        22521781
96      0.187000        9599            46075200        0.117000        22981890        22981890
97      0.200000        9699            47040150        0.114000        23497647        23497647
98      0.200000        9799            48015100        0.112000        23958493        23958493
99      0.198000        9899            49000050        0.126000        24468479        24468479
100     0.189000        9999            49995000        0.140000        24969716        24969716
101     0.204000        10099           50999950        0.126000        25480144        25480144
102     0.212000        10199           52014900        0.126000        25985309        25985309
103     0.217000        10299           53039850        0.167000        26482140        26482140
104     0.218000        10399           54074800        0.130000        27066913        27066913
105     0.217000        10499           55119750        0.146000        27578931        27578931
106     0.230000        10599           56174700        0.127000        28152009        28152009
107     0.233000        10699           57239650        0.148000        28631904        28631904
108     0.240000        10799           58314600        0.148000        29163341        29163341
109     0.254000        10899           59399550        0.146000        29661965        29661965
110     0.241000        10999           60494500        0.158000        30173485        30173485
111     0.256000        11099           61599450        0.156000        30732105        30732105
112     0.266000        11199           62714400        0.167000        31282731        31282731
113     0.280000        11299           63839350        0.143000        31830952        31830952
114     0.271000        11399           64974300        0.171000        32472093        32472093
115     0.289000        11499           66119250        0.177000        33057026        33057026
116     0.271000        11599           67274200        0.167000        33643925        33643925
117     0.273000        11699           68439150        0.171000        34213704        34213704
118     0.273000        11799           69614100        0.192000        34762567        34762567
119     0.286000        11899           70799050        0.204000        35346908        35346908
120     0.371000        11999           71994000        0.444000        36002823        36002823
121     0.472000        12099           73198950        0.224000        36592404        36592404
122     0.412000        12199           74413900        0.260000        37166746        37166746
123     0.383000        12299           75638850        0.248000        37731402        37731402
124     0.401000        12399           76873800        0.234000        38326135        38326135
125     0.386000        12499           78118750        0.241000        38921009        38921009
126     0.403000        12599           79373700        0.249000        39620306        39620306
127     0.403000        12699           80638650        0.258000        40247587        40247587
128     0.438000        12799           81913600        0.253000        40912998        40912998
129     0.417000        12899           83198550        0.268000        41548136        41548136
130     0.555000        12999           84493500        0.334000        42220294        42220294
131     0.460000        13099           85798450        0.268000        42863359        42863359
132     0.456000        13199           87113400        0.357000        43449394        43449394
133     0.483000        13299           88438350        0.254000        44088208        44088208
134     0.414000        13399           89773300        0.233000        44726969        44726969
135     0.370000        13499           91118250        0.226000        45396811        45396811
136     0.379000        13599           92473200        0.220000        46100234        46100234
137     0.773000        13699           93838150        0.334000        46757993        46757993
138     0.383000        13799           95213100        0.270000        47432441        47432441
139     0.551000        13899           96598050        0.239000        48127723        48127723
140     0.407000        13999           97993000        0.247000        48841897        48841897
141     0.444000        14099           99397950        0.365000        49538212        49538212
142     0.435000        14199           100812900       0.251000        50253145        50253145
143     0.485000        14299           102237850       0.298000        50963565        50963565
144     0.409000        14399           103672800       0.272000        51724797        51724797
145     0.465000        14499           105117750       0.243000        52442676        52442676
146     0.429000        14599           106572700       0.339000        53068592        53068592
147     0.639000        14699           108037650       0.529000        53746382        53746382
148     0.713000        14799           109512600       0.563000        54447448        54447448
149     0.586000        14899           110997550       0.417000        55262973        55262973
150     0.528000        14999           112492500       0.344000        55969360        55969360
151     0.571000        15099           113997450       0.318000        56637799        56637799
152     0.600000        15199           115512400       0.385000        57390876        57390876
153     0.515000        15299           117037350       0.301000        58253072        58253072
154     0.510000        15399           118572300       0.314000        59097673        59097673
155     0.469000        15499           120117250       0.419000        59877258        59877258
156     0.520000        15599           121672200       0.373000        60646050        60646050
157     0.570000        15699           123237150       0.375000        61424310        61424310
158     0.541000        15799           124812100       0.325000        62167997        62167997
159     0.657000        15899           126397050       0.374000        62988027        62988027
160     0.519000        15999           127992000       0.409000        63786354        63786354
161     0.543000        16099           129596950       0.331000        64625301        64625301
162     0.519000        16199           131211900       0.337000        65469981        65469981
163     0.533000        16299           132836850       0.326000        66318822        66318822
164     0.589000        16399           134471800       0.337000        67120967        67120967
165     0.543000        16499           136116750       0.325000        67932479        67932479
166     0.583000        16599           137771700       0.352000        68718424        68718424
167     0.545000        16699           139436650       0.340000        69547875        69547875
168     0.569000        16799           141111600       0.346000        70358920        70358920
169     0.563000        16899           142796550       0.353000        71195896        71195896
170     0.614000        16999           144491500       0.474000        72068400        72068400
171     0.625000        17099           146196450       0.362000        72850889        72850889
172     0.612000        17199           147911400       0.396000        73755326        73755326
173     0.613000        17299           149636350       0.409000        74715401        74715401
174     0.624000        17399           151371300       0.388000        75630792        75630792
175     0.610000        17499           153116250       0.505000        76450874        76450874
176     0.670000        17599           154871200       0.463000        77389014        77389014
177     0.633000        17699           156636150       0.375000        78270054        78270054
178     0.694000        17799           158411100       0.417000        79090668        79090668
179     0.631000        17899           160196050       0.392000        80059310        80059310
180     0.640000        17999           161991000       0.408000        80997172        80997172
181     0.638000        18099           163795950       0.395000        81918249        81918249
182     0.641000        18199           165610900       0.406000        82770017        82770017
183     0.646000        18299           167435850       0.406000        83675886        83675886
184     0.648000        18399           169270800       0.425000        84474911        84474911
185     0.661000        18499           171115750       0.418000        85338467        85338467
186     0.673000        18599           172970700       0.418000        86233256        86233256
187     0.686000        18699           174835650       0.412000        87106890        87106890
188     0.678000        18799           176710600       0.434000        88018963        88018963
189     0.725000        18899           178595550       0.428000        89013034        89013034
190     0.703000        18999           180490500       0.434000        89945023        89945023
191     0.710000        19099           182395450       0.448000        90963916        90963916
192     0.755000        19199           184310400       0.471000        91876301        91876301
193     0.815000        19299           186235350       0.515000        92852132        92852132
194     0.775000        19399           188170300       0.481000        93752088        93752088
195     0.758000        19499           190115250       0.745000        94717474        94717474
196     0.927000        19599           192070200       0.531000        95654321        95654321
197     0.789000        19699           194035150       0.500000        96664673        96664673
198     0.760000        19799           196010100       0.538000        97626833        97626833
199     0.782000        19899           197995050       0.548000        98614018        98614018
200     0.808000        19999           199990000       0.499000        99619061        99619061
201     0.820000        20099           201994950       0.501000        100695420       100695420
202     0.888000        20199           204009900       0.524000        101798960       101798960
203     0.972000        20299           206034850       0.587000        102798378       102798378
204     0.845000        20399           208069800       0.604000        103876058       103876058
205     0.878000        20499           210114750       0.557000        104925657       104925657
206     0.867000        20599           212169700       0.616000        105962632       105962632
207     0.848000        20699           214234650       0.653000        107086883       107086883
208     0.935000        20799           216309600       0.595000        108141507       108141507
209     0.953000        20899           218394550       0.573000        109128217       109128217
210     0.873000        20999           220489500       0.584000        110140118       110140118
211     1.189000        21099           222594450       0.762000        111325664       111325664
212     1.141000        21199           224709400       0.758000        112435069       112435069
213     1.219000        21299           226834350       0.732000        113466505       113466505
214     1.182000        21399           228969300       0.766000        114520091       114520091
215     1.160000        21499           231114250       0.705000        115643926       115643926
216     1.131000        21599           233269200       0.728000        116655060       116655060
217     1.149000        21699           235434150       0.794000        117804303       117804303
218     1.242000        21799           237609100       0.766000        118986047       118986047
219     1.347000        21899           239794050       0.815000        120066932       120066932
220     1.320000        21999           241989000       1.033000        121109394       121109394
221     1.359000        22099           244193950       0.800000        122206647       122206647
222     1.218000        22199           246408900       0.770000        123328599       123328599
223     1.378000        22299           248633850       0.890000        124456403       124456403
224     1.265000        22399           250868800       0.806000        125530976       125530976
225     1.303000        22499           253113750       0.852000        126605017       126605017
226     1.288000        22599           255368700       0.882000        127718725       127718725
227     1.314000        22699           257633650       0.910000        128885243       128885243
228     1.328000        22799           259908600       0.904000        129930573       129930573
229     1.303000        22899           262193550       0.857000        131100366       131100366
230     1.374000        22999           264488500       0.914000        132301082       132301082
231     1.241000        23099           266793450       0.777000        133485488       133485488
232     1.235000        23199           269108400       0.802000        134748831       134748831
233     1.336000        23299           271433350       0.866000        135819284       135819284
234     1.267000        23399           273768300       0.952000        136980414       136980414
235     1.440000        23499           276113250       0.899000        138211129       138211129
236     1.498000        23599           278468200       0.983000        139392055       139392055
237     1.624000        23699           280833150       0.935000        140612565       140612565
238     1.607000        23799           283208100       0.923000        141913058       141913058
239     1.533000        23899           285593050       0.931000        142984289       142984289
240     1.527000        23999           287988000       0.923000        144324590       144324590
241     1.539000        24099           290392950       1.028000        145503750       145503750
242     1.578000        24199           292807900       1.067000        146640884       146640884
243     1.626000        24299           295232850       0.975000        147959241       147959241
244     1.637000        24399           297667800       1.180000        149080167       149080167
245     1.732000        24499           300112750       0.984000        150413865       150413865
246     1.728000        24599           302567700       1.233000        151452157       151452157
247     1.611000        24699           305032650       0.988000        152596988       152596988
248     1.657000        24799           307507600       1.067000        153875929       153875929
249     1.610000        24899           309992550       1.063000        155155533       155155533
250     1.313000        24999           312487500       0.872000        156460075       156460075
251     1.558000        25099           314992450       1.036000        157724539       157724539
252     1.440000        25199           317507400       0.852000        158917828       158917828
253     1.307000        25299           320032350       0.799000        160056881       160056881
254     1.283000        25399           322567300       0.907000        161294886       161294886
255     1.407000        25499           325112250       0.905000        162459057       162459057
256     1.692000        25599           327667200       0.871000        163700973       163700973
257     1.311000        25699           330232150       0.867000        164955920       164955920
258     1.432000        25799           332807100       0.833000        166198008       166198008
259     1.319000        25899           335392050       0.848000        167387930       167387930
260     1.327000        25999           337987000       0.829000        168728724       168728724
261     1.797000        26099           340591950       0.899000        170085240       170085240
262     1.346000        26199           343206900       1.336000        171253660       171253660
263     1.574000        26299           345831850       1.001000        172545468       172545468
264     1.522000        26399           348466800       1.134000        173795378       173795378
265     1.866000        26499           351111750       1.178000        175230703       175230703
266     1.857000        26599           353766700       1.164000        176550404       176550404
267     1.825000        26699           356431650       1.143000        177900145       177900145
268     2.007000        26799           359106600       1.232000        179355208       179355208
269     1.925000        26899           361791550       1.234000        180717756       180717756
270     1.939000        26999           364486500       1.253000        181927150       181927150
271     1.949000        27099           367191450       1.268000        183247200       183247200
272     2.041000        27199           369906400       1.370000        184720867       184720867
273     1.915000        27299           372631350       1.214000        186144280       186144280
274     1.936000        27399           375366300       1.213000        187540495       187540495
275     1.948000        27499           378111250       1.210000        188792389       188792389
276     2.039000        27599           380866200       1.299000        190149896       190149896
277     2.040000        27699           383631150       1.212000        191563027       191563027
278     1.993000        27799           386406100       1.260000        192981413       192981413
279     1.989000        27899           389191050       1.309000        194351750       194351750
280     2.111000        27999           391986000       1.318000        195637342       195637342
281     2.149000        28099           394790950       1.263000        197099949       197099949
282     2.090000        28199           397605900       1.288000        198488384       198488384
283     2.109000        28299           400430850       1.425000        199843149       199843149
284     2.061000        28399           403265800       1.342000        201161827       201161827
285     2.110000        28499           406110750       1.378000        202607990       202607990
286     2.183000        28599           408965700       1.323000        204000454       204000454
287     2.107000        28699           411830650       1.316000        205365487       205365487
288     2.158000        28799           414705600       1.610000        206664001       206664001
289     2.329000        28899           417590550       1.616000        208046472       208046472
290     3.058000        28999           420485500       2.706000        209381922       209381922
291     2.504000        29099           423390450       1.277000        210930904       210930904
292     1.984000        29199           426305400       1.115000        212384491       212384491
293     2.135000        29299           429230350       1.372000        214083049       214083049
294     2.227000        29399           432165300       1.398000        215514398       215514398
295     2.215000        29499           435110250       1.406000        217106578       217106578
296     2.285000        29599           438065200       1.438000        218606380       218606380
297     2.257000        29699           441030150       1.434000        220121255       220121255
298     2.303000        29799           444005100       1.436000        221599360       221599360
299     2.293000        29899           446990050       1.460000        223022468       223022468
300     2.344000        29999           449985000       1.455000        224479391       224479391
301     2.322000        30099           452989950       1.461000        225912514       225912514
302     2.338000        30199           456004900       1.481000        227378891       227378891
303     2.365000        30299           459029850       1.478000        228921145       228921145
304     2.373000        30399           462064800       1.486000        230485618       230485618
305     2.394000        30499           465109750       1.490000        232003034       232003034
306     2.450000        30599           468164700       1.512000        233588077       233588077
307     2.425000        30699           471229650       1.524000        235154204       235154204
308     2.437000        30799           474304600       1.535000        236568392       236568392
309     2.441000        30899           477389550       1.548000        238210978       238210978
310     2.475000        30999           480484500       1.558000        239714259       239714259
311     2.490000        31099           483589450       1.614000        241374068       241374068
312     2.510000        31199           486704400       1.562000        242957639       242957639
313     2.511000        31299           489829350       1.593000        244549590       244549590
314     2.533000        31399           492964300       1.586000        246188251       246188251
315     2.544000        31499           496109250       1.609000        247725106       247725106
316     2.566000        31599           499264200       1.653000        249415116       249415116
317     2.611000        31699           502429150       1.630000        250989807       250989807
318     2.599000        31799           505604100       1.628000        252590010       252590010
319     2.621000        31899           508789050       1.633000        254032431       254032431
320     2.634000        31999           511984000       1.662000        255555669       255555669
321     2.655000        32099           515188950       1.666000        257025058       257025058
322     2.670000        32199           518403900       1.688000        258696109       258696109
323     2.686000        32299           521628850       1.686000        260346617       260346617
324     2.705000        32399           524863800       1.709000        261918917       261918917
325     2.716000        32499           528108750       1.772000        263511044       263511044
326     2.737000        32599           531363700       1.731000        265027490       265027490
327     2.754000        32699           534628650       1.719000        266659739       266659739
328     2.770000        32799           537903600       1.743000        268187532       268187532
329     2.784000        32899           541188550       1.738000        269818560       269818560
330     2.802000        32999           544483500       1.753000        271322978       271322978
331     2.954000        33099           547788450       1.770000        273033074       273033074
332     2.891000        33199           551103400       1.786000        274690524       274690524
333     2.851000        33299           554428350       1.793000        276236135       276236135
334     2.873000        33399           557763300       1.838000        277977876       277977876
335     2.891000        33499           561108250       1.816000        279699342       279699342
336     3.029000        33599           564463200       1.853000        281475632       281475632
337     2.924000        33699           567828150       1.833000        283087345       283087345
338     2.961000        33799           571203100       1.904000        285038186       285038186
339     2.960000        33899           574588050       1.867000        286824550       286824550
340     2.991000        33999           577983000       1.868000        288498496       288498496
341     2.994000        34099           581387950       1.923000        290232904       290232904
342     2.997000        34199           584802900       1.883000        292003565       292003565
343     3.031000        34299           588227850       1.903000        293623593       293623593
344     3.026000        34399           591662800       1.955000        295490657       295490657
345     3.042000        34499           595107750       1.929000        297178111       297178111
346     3.077000        34599           598562700       1.963000        298915931       298915931
347     3.110000        34699           602027650       1.947000        300588555       300588555
348     3.116000        34799           605502600       1.965000        302350992       302350992
349     3.154000        34899           608987550       1.961000        304062291       304062291
350     3.144000        34999           612482500       2.042000        305805732       305805732
351     3.161000        35099           615987450       1.984000        307554550       307554550
352     3.189000        35199           619502400       2.002000        309396197       309396197
353     3.208000        35299           623027350       2.010000        311010151       311010151
354     3.229000        35399           626562300       2.017000        312808235       312808235
355     3.238000        35499           630107250       2.032000        314364001       314364001
356     3.245000        35599           633662200       2.050000        316105551       316105551
357     3.290000        35699           637227150       2.096000        317683354       317683354
358     3.354000        35799           640802100       2.080000        319518063       319518063
359     3.314000        35899           644387050       2.082000        321098804       321098804
360     3.347000        35999           647982000       2.100000        322977905       322977905
361     3.353000        36099           651586950       2.168000        324779501       324779501
362     3.364000        36199           655201900       2.116000        326723030       326723030
363     3.410000        36299           658826850       2.138000        328528131       328528131
364     3.398000        36399           662461800       2.146000        330327749       330327749
365     3.422000        36499           666106750       2.157000        332266644       332266644
366     3.440000        36599           669761700       2.165000        334043431       334043431
367     3.473000        36699           673426650       2.178000        335853264       335853264
368     3.483000        36799           677101600       2.391000        337670941       337670941
369     3.760000        36899           680786550       2.559000        339607224       339607224
370     3.620000        36999           684481500       2.449000        341482345       341482345
371     3.688000        37099           688186450       2.094000        343178118       343178118
372     2.993000        37199           691901400       1.851000        345085822       345085822
373     2.835000        37299           695626350       1.695000        347037553       347037553
374     2.704000        37399           699361300       1.869000        348904367       348904367
375     2.812000        37499           703106250       1.715000        350811435       350811435
376     3.532000        37599           706861200       2.277000        352783233       352783233
377     3.666000        37699           710626150       2.300000        354755854       354755854
378     3.656000        37799           714401100       2.515000        356546833       356546833
379     3.330000        37899           718186050       1.874000        358526022       358526022
380     2.847000        37999           721981000       1.748000        360236401       360236401
381     2.867000        38099           725785950       1.765000        362062150       362062150
382     2.832000        38199           729600900       1.786000        364056506       364056506
383     2.834000        38299           733425850       1.800000        366139453       366139453
384     2.914000        38399           737260800       1.843000        368069236       368069236
385     2.930000        38499           741105750       1.841000        369795629       369795629
386     3.233000        38599           744960700       1.822000        371797621       371797621
387     2.890000        38699           748825650       1.823000        373670980       373670980
388     2.918000        38799           752700600       1.847000        375612057       375612057
389     3.597000        38899           756585550       1.859000        377542792       377542792
390     2.997000        38999           760480500       1.865000        379368593       379368593
391     2.976000        39099           764385450       1.857000        381338143       381338143
392     3.112000        39199           768300400       1.881000        383157460       383157460
393     2.990000        39299           772225350       1.862000        385283919       385283919
394     3.023000        39399           776160300       1.887000        387329114       387329114
395     3.017000        39499           780105250       1.901000        389379616       389379616
396     3.059000        39599           784060200       1.909000        391287952       391287952
397     3.046000        39699           788025150       1.910000        393265916       393265916
398     3.064000        39799           792000100       1.933000        395089220       395089220
399     3.193000        39899           795985050       1.934000        397193267       397193267
400     3.080000        39999           799980000       1.959000        399240410       399240410
401     3.120000        40099           803984950       1.987000        401154553       401154553
402     3.128000        40199           807999900       1.957000        403157845       403157845
403     3.152000        40299           812024850       1.975000        405095530       405095530
404     3.200000        40399           816059800       1.980000        407115926       407115926
405     3.163000        40499           820104750       1.999000        409404733       409404733
406     3.184000        40599           824159700       2.007000        411311886       411311886
407     3.215000        40699           828224650       2.017000        413557756       413557756
408     3.256000        40799           832299600       2.028000        415652385       415652385
409     3.240000        40899           836384550       2.021000        417658832       417658832
410     3.246000        40999           840479500       2.045000        419859866       419859866
411     3.267000        41099           844584450       2.048000        421991051       421991051
412     3.286000        41199           848699400       2.056000        424159271       424159271
413     3.408000        41299           852824350       2.081000        426316077       426316077
414     3.318000        41399           856959300       2.089000        428322108       428322108
415     3.326000        41499           861104250       2.096000        430435898       430435898
416     3.334000        41599           865259200       2.119000        432532043       432532043
417     3.356000        41699           869424150       2.109000        434534949       434534949
418     3.378000        41799           873599100       2.134000        436628628       436628628
419     3.478000        41899           877784050       2.128000        438885164       438885164
420     3.425000        41999           881979000       2.148000        441064498       441064498
421     3.433000        42099           886183950       2.161000        443223898       443223898
422     3.435000        42199           890398900       2.173000        445516148       445516148
423     3.460000        42299           894623850       2.210000        447501350       447501350
424     3.469000        42399           898858800       2.210000        449768375       449768375
425     3.482000        42499           903103750       2.211000        451940597       451940597
426     3.516000        42599           907358700       2.237000        453998141       453998141
427     3.536000        42699           911623650       2.233000        456184618       456184618
428     3.555000        42799           915898600       2.290000        458287143       458287143
429     3.623000        42899           920183550       2.264000        460498189       460498189
430     3.615000        42999           924478500       2.281000        462522483       462522483
431     3.630000        43099           928783450       2.466000        464533738       464533738
432     3.620000        43199           933098400       2.279000        466831144       466831144
433     3.655000        43299           937423350       2.277000        468849757       468849757
434     3.661000        43399           941758300       2.287000        471070580       471070580
435     3.667000        43499           946103250       2.303000        473282126       473282126
436     3.826000        43599           950458200       2.327000        475439228       475439228
437     3.697000        43699           954823150       2.326000        477557070       477557070
438     3.707000        43799           959198100       2.332000        479744791       479744791
439     3.760000        43899           963583050       2.455000        481997697       481997697
440     3.737000        43999           967978000       2.366000        484374994       484374994
441     3.778000        44099           972382950       2.372000        486457777       486457777
442     3.772000        44199           976797900       2.374000        488678245       488678245
443     3.801000        44299           981222850       2.394000        490900240       490900240
444     3.832000        44399           985657800       2.400000        492922076       492922076
445     3.881000        44499           990102750       2.422000        495153520       495153520
446     3.853000        44599           994557700       2.433000        497505912       497505912
447     3.860000        44699           999022650       2.434000        499944972       499944972
448     3.878000        44799           1003497600      2.457000        502044090       502044090
449     3.950000        44899           1007982550      2.478000        504264421       504264421
450     3.923000        44999           1012477500      2.473000        506542343       506542343
451     3.925000        45099           1016982450      2.583000        508854282       508854282
452     3.948000        45199           1021497400      2.489000        511140418       511140418
453     3.972000        45299           1026022350      2.493000        513511241       513511241
454     3.979000        45399           1030557300      2.534000        516002008       516002008
455     4.005000        45499           1035102250      2.530000        518361896       518361896
456     4.053000        45599           1039657200      2.524000        520655100       520655100
457     4.043000        45699           1044222150      2.563000        522858393       522858393
458     4.105000        45799           1048797100      2.555000        525148603       525148603
459     4.086000        45899           1053382050      2.572000        527570439       527570439
460     4.090000        45999           1057977000      2.586000        529892094       529892094
461     4.117000        46099           1062581950      2.681000        532075287       532075287
462     4.145000        46199           1067196900      2.603000        534403711       534403711
463     4.145000        46299           1071821850      2.625000        536683390       536683390
464     4.213000        46399           1076456800      2.617000        538845962       538845962
465     4.183000        46499           1081101750      2.626000        540952613       540952613
466     4.207000        46599           1085756700      2.639000        543322984       543322984
467     4.260000        46699           1090421650      2.672000        545524317       545524317
468     4.238000        46799           1095096600      2.653000        547858946       547858946
469     4.255000        46899           1099781550      2.672000        550407222       550407222
470     4.260000        46999           1104476500      2.729000        552853630       552853630
471     4.289000        47099           1109181450      2.707000        555084136       555084136
472     4.294000        47199           1113896400      2.720000        557424199       557424199
473     4.328000        47299           1118621350      2.726000        559788446       559788446
474     4.337000        47399           1123356300      2.740000        562260352       562260352
475     4.363000        47499           1128101250      2.810000        564504654       564504654
476     4.391000        47599           1132856200      2.929000        566829856       566829856
477     4.620000        47699           1137621150      2.979000        569154086       569154086
478     4.537000        47799           1142396100      2.826000        571500895       571500895
479     4.490000        47899           1147181050      2.814000        573866387       573866387
480     4.492000        47999           1151976000      2.907000        576254271       576254271
481     4.777000        48099           1156780950      2.844000        578475428       578475428
482     4.507000        48199           1161595900      2.841000        580714927       580714927
483     4.502000        48299           1166420850      2.892000        583213699       583213699
484     4.515000        48399           1171255800      2.888000        585594021       585594021
485     4.568000        48499           1176100750      2.870000        588011022       588011022
486     4.644000        48599           1180955700      2.894000        590515654       590515654
487     4.654000        48699           1185820650      2.989000        592770943       592770943
488     4.729000        48799           1190695600      3.091000        595218013       595218013
489     4.671000        48899           1195580550      2.919000        597733227       597733227
490     4.644000        48999           1200475500      2.914000        600287909       600287909
491     4.734000        49099           1205380450      2.925000        602532872       602532872
492     4.705000        49199           1210295400      2.941000        604959130       604959130
493     4.695000        49299           1215220350      2.950000        607596988       607596988
494     4.706000        49399           1220155300      2.979000        610011823       610011823
495     4.730000        49499           1225100250      2.973000        612416725       612416725
496     4.762000        49599           1230055200      3.150000        614773138       614773138
497     4.792000        49699           1235020150      3.000000        617451704       617451704
498     4.798000        49799           1239995100      3.047000        619888696       619888696
499     4.888000        49899           1244980050      3.026000        622487698       622487698
500     4.825000        49999           1249975000      3.048000        624799740       624799740