Block   QS_time         QS_swaps        QS_compares     MS_time         MS_swaps        MS_compares

1       0.000000        351             710             0.000000        672             548     
2       0.000000        1010            1703            0.000000        1544            1285
3       0.000000        1341            2441            0.000000        2488            2099
4       0.000000        2091            3760            0.000000        3488            2961
5       0.000000        2495            5046            0.000000        4488            3875
6       0.000000        3398            6272            0.000000        5576            4784
7       0.000000        3766            6639            0.000000        6676            5766
8       0.000000        4706            7901            0.001000        7776            6694
9       0.000000        4496            9505            0.001000        8876            7701
10      0.000000        6036            10886           0.000000        9976            8719
11      0.001000        6711            13077           0.000000        11152           9730    
12      0.000000        7446            13288           0.000000        12352           10750
13      0.000000        7814            14526           0.000000        13552           11803
14      0.000000        8380            15418           0.000000        14752           12911   
15      0.000000        10573           18636           0.000000        15952           13968
16      0.001000        9536            20550           0.000000        17152           15017
17      0.000000        12508           20378           0.000000        18352           16125
18      0.000000        10479           20885           0.003000        19552           17218   
19      0.001000        11756           22898           0.000000        20752           18298
20      0.000000        11224           23937           0.000000        21952           19452
21      0.001000        15096           25126           0.000000        23204           20515   
22      0.001000        16545           29550           0.002000        24504           21653
23      0.001000        16866           31900           0.001000        25804           22792   
24      0.001000        16867           29914           0.001000        27104           23906
25      0.000000        20593           33395           0.000000        28404           25082   
26      0.000000        19895           33361           0.000000        29704           26231
27      0.001000        19714           34342           0.000000        31004           27411
28      0.001000        18904           36729           0.001000        32304           28623   
29      0.002000        23838           39419           0.000000        33604           29716
30      0.001000        21801           38237           0.001000        34904           30885
31      0.000000        23397           40294           0.000000        36204           32015   
32      0.000000        23032           44925           0.000000        37504           33230
33      0.000000        23781           43338           0.002000        38804           34405   
34      0.000000        23571           43594           0.007000        40104           35632
35      0.000000        29435           52092           0.000000        41404           36874   
36      0.000000        28784           47871           0.001000        42704           37976
37      0.000000        28205           52070           0.000000        44004           39167   
38      0.000000        26490           47899           0.000000        45304           40384   
39      0.000000        24666           54708           0.009000        46604           41577   
40      0.000000        28832           53720           0.000000        47904           42816
41      0.001000        31292           60033           0.001000        49208           43963   
42      0.001000        34250           58276           0.002000        50608           45241
43      0.000000        31443           58393           0.000000        52008           46443   
44      0.000000        32604           59459           0.000000        53408           47710   
45      0.000000        38577           66580           0.000000        54808           48893
46      0.000000        31837           65627           0.000000        56208           50142   
47      0.001000        38618           65558           0.000000        57608           51380
48      0.000000        36416           65303           0.000000        59008           52638   
49      0.000000        36820           72345           0.000000        60408           53914   
50      0.000000        38117           68265           0.008000        61808           55186   
51      0.002000        44370           74022           0.002000        63208           56439   
52      0.000000        49713           82343           0.000000        64608           57672
53      0.001000        40616           74956           0.000000        66008           58966   
54      0.000000        47516           80394           0.000000        67408           60240
55      0.002000        38388           77139           0.002000        68808           61485   
56      0.000000        41853           76443           0.000000        70208           62835
57      0.001000        42609           84459           0.002000        71608           64056   
58      0.000000        41888           80926           0.000000        73008           65270
59      0.006000        49557           87993           0.002000        74408           66552   
60      0.000000        53688           97455           0.000000        75808           67779   
61      0.001000        42170           86807           0.000000        77208           69048   
62      0.000000        50516           89748           0.000000        78608           70292
63      0.000000        49017           96019           0.000000        80008           71607   
64      0.000000        52324           95073           0.008000        81408           72927   
65      0.000000        47032           89317           0.000000        82808           74134
66      0.002000        49323           91130           0.002000        84208           75507   
67      0.000000        58567           100794          0.000000        85608           76738
68      0.001000        62534           110966          0.001000        87008           78164   
69      0.000000        57675           102333          0.000000        88408           79326   
70      0.000000        52426           100470          0.000000        89808           80724
71      0.000000        59393           108290          0.006000        91208           81943   
72      0.002000        53672           110267          0.001000        92608           83243   
73      0.002000        59234           106156          0.002000        94008           84522   
74      0.000000        64038           113893          0.000000        95408           85829
75      0.001000        58155           106232          0.000000        96808           87159   
76      0.002000        61199           121929          0.002000        98208           88402   
77      0.000000        68017           113614          0.000000        99608           89702   
78      0.001000        59483           113231          0.001000        101008          91034   
79      0.003000        62586           118848          0.003000        102408          92306   
80      0.000000        66251           122904          0.000000        103808          93641   
81      0.000000        67521           126013          0.000000        105208          94937
82      0.005000        65461           114944          0.004000        106616          96228   
83      0.000000        67266           128586          0.000000        108116          97581
84      0.002000        80357           133138          0.000000        109616          98899   
85      0.006000        61056           126387          0.003000        111116          100247  
86      0.000000        71481           129343          0.000000        112616          101501  
87      0.000000        81799           151384          0.000000        114116          102940  
88      0.001000        73172           128117          0.002000        115616          104280  
89      0.000000        72712           138419          0.008000        117116          105631  
90      0.000000        72642           140957          0.000000        118616          106901
91      0.000000        75444           142308          0.000000        120116          108283  
92      0.003000        73959           135145          0.001000        121616          109615  
93      0.000000        86166           147746          0.006000        123116          110909  
94      0.000000        79228           143793          0.007000        124616          112295  
95      0.003000        75965           140677          0.000000        126116          113687  
96      0.002000        74848           141963          0.002000        127616          114985  
97      0.000000        77628           153653          0.009000        129116          116323  
98      0.000000        85688           158605          0.000000        130616          117697  
99      0.000000        86001           150856          0.000000        132116          119146
100     0.001000        77839           149433          0.000000        133616          120405  
101     0.006000        78323           150879          0.004000        135116          121828  
102     0.000000        96691           164205          0.010000        136616          123134  
103     0.000000        92194           170124          0.009000        138116          124474  
104     0.000000        98563           173822          0.000000        139616          125794
105     0.002000        87010           155159          0.001000        141116          127250  
106     0.008000        85126           167649          0.002000        142616          128584  
107     0.000000        93117           168640          0.011000        144116          129874  
108     0.000000        81562           166593          0.010000        145616          131298  
109     0.000000        102915          172738          0.000000        147116          132589
110     0.000000        96435           168831          0.000000        148616          134037  
111     0.002000        97144           171743          0.000000        150116          135339  
112     0.000000        91180           168939          0.000000        151616          136802  
113     0.002000        87689           175764          0.000000        153116          138101  
114     0.002000        92317           179424          0.000000        154616          139516  
115     0.004000        100651          180276          0.002000        156116          140815  
116     0.002000        113340          198815          0.005000        157616          142265  
117     0.000000        102422          179902          0.012000        159116          143437  
118     0.000000        99726           185356          0.011000        160616          144964  
119     0.000000        101560          182710          0.011000        162116          146197  
120     0.000000        96301           195030          0.010000        163616          147655  
121     0.000000        111564          199552          0.000000        165116          149054  
122     0.000000        107855          201095          0.009000        166616          150420  
123     0.001000        98230           187524          0.000000        168116          151728  
124     0.001000        114878          214827          0.000000        169616          153069  
125     0.000000        105665          199997          0.000000        171116          154575  
126     0.002000        98229           204935          0.000000        172616          155909  
127     0.000000        117560          204513          0.000000        174116          157237  
128     0.000000        101362          201185          0.000000        175616          158672  
129     0.000000        108046          198598          0.000000        177116          160024  
130     0.000000        105989          204611          0.000000        178616          161379  
131     0.000000        118152          214320          0.000000        180116          162809  
132     0.002000        105540          202763          0.000000        181616          164200  
133     0.000000        112112          216793          0.000000        183116          165558  
134     0.000000        119322          208152          0.000000        184616          166937  
135     0.002000        104028          218998          0.004000        186116          168341  
136     0.000000        110184          208537          0.011000        187616          169899  
137     0.000000        124843          226962          0.013000        189116          171076  
138     0.000000        132924          245950          0.012000        190616          172453  
139     0.000000        112967          212275          0.012000        192116          173856  
140     0.009000        107710          235501          0.005000        193616          175374  
141     0.009000        121426          221439          0.004000        195116          176663  
142     0.008000        126902          223362          0.002000        196616          178057
143     0.010000        121079          225908          0.004000        198116          179537  
144     0.010000        124035          237794          0.001000        199616          180836  
145     0.004000        120164          222453          0.000000        201116          182249  
146     0.004000        127676          232021          0.001000        202616          183691  
147     0.000000        128988          236012          0.000000        204116          185064  
148     0.000000        115631          255911          0.008000        205616          186428  
149     0.000000        118930          238082          0.010000        207116          187876  
150     0.009000        139906          252047          0.007000        208616          189283  
151     0.010000        128380          244681          0.004000        210116          190621  
152     0.003000        149316          264942          0.006000        211616          192049  
153     0.003000        154358          261771          0.004000        213116          193444  
154     0.000000        120564          248939          0.008000        214616          194872  
155     0.000000        143548          261662          0.010000        216116          196147  
156     0.008000        132105          257272          0.005000        217616          197668  
157     0.012000        161344          285943          0.004000        219116          199004  
158     0.003000        141897          268109          0.001000        220616          200366  
159     0.000000        150614          266421          0.008000        222116          201830  
160     0.008000        135369          262136          0.007000        223616          203248  
161     0.011000        135677          272522          0.004000        225116          204636  
162     0.004000        145394          271333          0.002000        226616          206013  
163     0.002000        154812          271926          0.000000        228116          207262  
164     0.000000        142334          278219          0.013000        229632          208897  
165     0.008000        147146          272221          0.005000        231232          210237  
166     0.005000        141826          270324          0.005000        232832          211762  
167     0.004000        145382          280963          0.002000        234432          213018  
168     0.008000        144643          264123          0.006000        236032          214504  
169     0.012000        147614          293284          0.005000        237632          216028  
170     0.005000        170183          293245          0.001000        239232          217492  
171     0.000000        144300          280685          0.012000        240832          218892  
172     0.005000        148109          285248          0.001000        242432          220294  
173     0.003000        148898          284154          0.000000        244032          221772  
174     0.000000        159377          282103          0.010000        245632          223200  
175     0.009000        148175          290073          0.006000        247232          224689  
176     0.004000        147291          303020          0.001000        248832          226153  
177     0.000000        156905          300863          0.015000        250432          227545  
178     0.010000        145868          279363          0.005000        252032          228911  
179     0.003000        163543          291753          0.005000        253632          230400  
180     0.000000        160692          303680          0.013000        255232          231825  
181     0.005000        152042          290992          0.001000        256832          233155  
182     0.000000        174281          307738          0.011000        258432          234705  
183     0.004000        157550          293881          0.005000        260032          236110  
184     0.004000        162955          300736          0.007000        261632          237618  
185     0.004000        160840          320049          0.005000        263232          239089  
186     0.006000        154763          302895          0.004000        264832          240478  
187     0.001000        158864          312113          0.010000        266432          242016  
188     0.004000        153161          328848          0.004000        268032          243448  
189     0.001000        192741          354668          0.009000        269632          244802  
190     0.005000        161875          326134          0.005000        271232          246315  
191     0.001000        173422          330808          0.010000        272832          247763  
192     0.011000        158869          312589          0.007000        274432          249141  
193     0.002000        170721          328631          0.009000        276032          250670  
194     0.007000        182162          329280          0.000000        277632          252079  
195     0.000000        173216          337653          0.011000        279232          253600  
196     0.011000        172229          327401          0.006000        280832          254951  
197     0.001000        180834          314397          0.009000        282432          256458  
198     0.008000        165290          333665          0.000000        284032          258019  
199     0.000000        182167          326368          0.010000        285632          259407  
200     0.006000        173962          340182          0.006000        287232          260884  
201     0.000000        186861          331015          0.013000        288832          262299  
202     0.005000        166542          340657          0.000000        290432          263733  
203     0.008000        182345          348039          0.007000        292032          265163  
204     0.001000        177213          329087          0.009000        293632          266632  
205     0.005000        198744          356174          0.003000        295232          268182  
206     0.000000        183545          343496          0.012000        296832          269563  
207     0.005000        185217          343008          0.001000        298432          270871  
208     0.011000        197432          362946          0.007000        300032          272367  
209     0.002000        184847          339668          0.009000        301632          273889  
210     0.007000        198502          358139          0.004000        303232          275437  
211     0.000000        191404          334985          0.012000        304832          276900  
212     0.006000        197035          364319          0.002000        306432          278369  
213     0.000000        191511          359768          0.014000        308032          279715  
214     0.002000        205988          374147          0.009000        309632          281173  
215     0.006000        216379          370985          0.004000        311232          282731  
216     0.006000        177638          372581          0.007000        312832          284066  
217     0.004000        187457          369459          0.005000        314432          285646  
218     0.013000        191071          362853          0.002000        316032          286992  
219     0.007000        214951          393507          0.005000        317632          288497  
220     0.002000        203420          368759          0.009000        319232          290076  
221     0.005000        179521          363619          0.003000        320832          291391  
222     0.000000        194962          370859          0.015000        322432          292933  
223     0.003000        197689          364163          0.008000        324032          294291  
224     0.006000        198533          369945          0.001000        325632          295931  
225     0.009000        213955          388413          0.005000        327232          297327  
226     0.000000        203486          377921          0.014000        328832          298803  
227     0.005000        196261          374126          0.000000        330432          300165  
228     0.013000        203059          368945          0.007000        332032          301812  
229     0.000000        213071          392185          0.012000        333632          302940  
230     0.005000        204395          374165          0.000000        335232          304648  
231     0.012000        217888          399823          0.008000        336832          305975  
232     0.000000        225833          407775          0.015000        338432          307576  
233     0.002000        215261          395895          0.011000        340032          308928  
234     0.005000        221967          403404          0.006000        341632          310291  
235     0.005000        205723          385711          0.001000        343232          311965  
236     0.006000        201324          382435          0.003000        344832          313499  
237     0.000000        225764          432728          0.014000        346432          314833  
238     0.000000        212459          400357          0.013000        348032          316307  
239     0.001000        222171          400394          0.012000        349632          317748  
240     0.007000        208570          398905          0.001000        351232          319280  
241     0.007000        256521          433694          0.002000        352832          320686  
242     0.008000        199032          410227          0.008000        354432          322285  
243     0.000000        224298          414019          0.012000        356032          323731  
244     0.000000        241887          453028          0.014000        357632          325188  
245     0.004000        238504          427962          0.009000        359232          326717  
246     0.007000        243613          429241          0.001000        360832          328057  
247     0.013000        217701          410209          0.001000        362432          329400  
248     0.009000        215543          440265          0.003000        364032          330970  
249     0.000000        224548          425297          0.014000        365632          332584  
250     0.002000        223821          414718          0.011000        367232          334216  
251     0.003000        220920          425881          0.010000        368832          335450  
252     0.007000        228669          418651          0.000000        370432          336985  
253     0.009000        233674          465772          0.002000        372032          338739  
254     0.012000        219347          433490          0.005000        373632          339878  
255     0.007000        208437          430250          0.005000        375232          341475  
256     0.012000        228378          434225          0.002000        376832          342966  
257     0.012000        248798          440726          0.008000        378432          344416  
258     0.011000        235445          457506          0.003000        380032          345897  
259     0.013000        246792          460756          0.006000        381632          347453  
260     0.008000        237625          448936          0.006000        383232          348928  
261     0.000000        252482          459690          0.015000        384832          350375  
262     0.000000        216905          443345          0.016000        386432          351891  
263     0.010000        233135          503020          0.009000        388032          353418  
264     0.009000        259912          472250          0.008000        389632          354857  
265     0.008000        226390          442928          0.008000        391232          356304  
266     0.006000        269342          476504          0.011000        392832          357850  
267     0.005000        229408          447197          0.009000        394432          359291  
268     0.006000        239872          469784          0.008000        396032          360723  
269     0.006000        244891          447285          0.008000        397632          362370  
270     0.006000        266232          464247          0.008000        399232          363816  
271     0.003000        266711          489427          0.010000        400832          365222  
272     0.006000        244333          472196          0.008000        402432          366943  
273     0.004000        267925          481065          0.011000        404032          368195  
274     0.004000        270481          516738          0.010000        405632          369725  
275     0.006000        257760          475594          0.009000        407232          371310  
276     0.007000        284173          498430          0.009000        408832          372584  
277     0.008000        248620          467354          0.009000        410432          374131  
278     0.005000        256847          507953          0.009000        412032          375580  
279     0.007000        294498          549180          0.008000        413632          377065  
280     0.006000        248820          470776          0.011000        415232          378616  
281     0.004000        273692          498705          0.010000        416832          380213  
282     0.003000        277600          502933          0.010000        418432          381593  
283     0.003000        268774          565844          0.010000        420032          383055  
284     0.006000        250238          477366          0.007000        421632          384667  
285     0.006000        270193          512715          0.005000        423232          386167  
286     0.013000        271593          497871          0.002000        424832          387699  
287     0.010000        284282          509805          0.002000        426432          388895  
288     0.007000        294719          524138          0.003000        428032          390610  
289     0.006000        294664          551522          0.010000        429632          392072  
290     0.006000        276783          508694          0.007000        431232          393616  
291     0.000000        262256          494213          0.015000        432832          395147  
292     0.007000        263438          497785          0.004000        434432          396677  
293     0.005000        258904          495241          0.012000        436032          398184  
294     0.008000        245308          498388          0.008000        437632          399637  
295     0.009000        265681          509437          0.007000        439232          400975  
296     0.004000        261071          499071          0.012000        440832          402458  
297     0.011000        278062          505093          0.005000        442432          404022  
298     0.014000        264699          495665          0.004000        444032          405532  
299     0.004000        275016          521156          0.013000        445632          407078  
300     0.000000        291452          541812          0.017000        447232          408572  
301     0.010000        290494          541640          0.007000        448832          410105  
302     0.013000        307357          543255          0.009000        450432          411492  
303     0.002000        298885          540354          0.015000        452032          412991  
304     0.012000        304968          539051          0.008000        453632          414560  
305     0.006000        310724          577712          0.013000        455232          415937  
306     0.007000        308140          575525          0.011000        456832          417561  
307     0.008000        299383          549780          0.011000        458432          419050  
308     0.010000        291902          527393          0.008000        460032          420536  
309     0.009000        269754          540535          0.010000        461632          421880  
310     0.011000        291533          531718          0.009000        463232          423419  
311     0.008000        290647          557392          0.011000        464832          425039  
312     0.000000        265901          550269          0.017000        466432          426625  
313     0.015000        284638          544237          0.008000        468032          427884  
314     0.001000        293229          545033          0.016000        469632          429464  
315     0.012000        368093          615218          0.010000        471232          430982  
316     0.004000        286662          552355          0.014000        472832          432458  
317     0.007000        290845          549022          0.010000        474432          434136  
318     0.008000        298989          603312          0.010000        476032          435496  
319     0.008000        305121          571924          0.010000        477632          436942  
320     0.016000        308740          620094          0.002000        479232          438612  
321     0.003000        313977          561838          0.015000        480832          440016  
322     0.013000        300986          548583          0.005000        482432          441502  
323     0.004000        290952          576066          0.014000        484032          443257  
324     0.013000        290930          571255          0.010000        485632          444421  
325     0.006000        302490          573443          0.013000        487232          446052  
326     0.008000        313140          581507          0.010000        488832          447424  
327     0.015000        283658          575255          0.009000        490432          448977  
328     0.008000        330973          599572          0.011000        492064          450645  
329     0.008000        347743          603163          0.010000        493764          452036  
330     0.000000        302006          589662          0.019000        495464          453577  
331     0.016000        302091          579979          0.009000        497164          455247  
332     0.008000        320919          599881          0.010000        498864          456768  
333     0.017000        353672          594511          0.010000        500564          458196  
334     0.009000        344178          593359          0.008000        502264          459611  
335     0.007000        333250          600583          0.012000        503964          461302  
336     0.010000        312698          606332          0.007000        505664          462697  
337     0.006000        303580          588613          0.013000        507364          464225  
338     0.011000        301462          589857          0.006000        509064          465853  
339     0.007000        300236          587135          0.009000        510764          467568  
340     0.014000        365636          692655          0.012000        512464          469019  
341     0.009000        329805          630495          0.006000        514164          470662  
342     0.001000        349987          614495          0.015000        515864          472065  
343     0.009000        304657          584902          0.007000        517564          473666  
344     0.005000        305938          614248          0.012000        519264          475136  
345     0.011000        305472          591534          0.010000        520964          476724  
346     0.008000        329487          609965          0.009000        522664          478301  
347     0.013000        354842          636687          0.011000        524364          479701  
348     0.008000        329765          613431          0.012000        526064          481326  
349     0.005000        320896          631397          0.016000        527764          482828  
350     0.008000        339171          628647          0.013000        529464          484438  
351     0.009000        331656          668051          0.012000        531164          485975  
352     0.011000        317760          631849          0.011000        532864          487451  
353     0.007000        326371          637075          0.012000        534564          488916  
354     0.010000        323994          619430          0.011000        536264          490643  
355     0.003000        368533          674446          0.015000        537964          492213  
356     0.007000        318213          637129          0.012000        539664          493653  
357     0.008000        383864          650156          0.009000        541364          495151  
358     0.006000        363280          650441          0.013000        543064          496781  
359     0.008000        319933          643530          0.012000        544764          498536  
360     0.011000        352854          626055          0.004000        546464          499928  
361     0.004000        344566          642434          0.011000        548164          501366  
362     0.003000        331177          619343          0.019000        549864          502862  
363     0.010000        319235          638199          0.004000        551564          504489  
364     0.007000        337046          681618          0.007000        553264          506024  
365     0.006000        391352          700779          0.016000        554964          507465  
366     0.010000        323852          656030          0.011000        556664          509152  
367     0.011000        324619          680000          0.006000        558364          510631  
368     0.002000        335140          670502          0.018000        560064          512146  
369     0.017000        346072          645001          0.010000        561764          513643  
370     0.009000        332557          675002          0.004000        563464          515220  
371     0.003000        347538          669909          0.016000        565164          516854  
372     0.009000        326317          653956          0.009000        566864          518468  
373     0.010000        339405          661551          0.006000        568564          519951  
374     0.009000        331507          673367          0.012000        570264          521630  
375     0.006000        363721          667342          0.014000        571964          522919  
376     0.010000        367977          730030          0.015000        573664          524557  
377     0.013000        348437          697424          0.013000        575364          526250  
378     0.014000        378629          690201          0.014000        577064          527693  
379     0.014000        360494          710589          0.011000        578764          529204  
380     0.011000        357259          677492          0.012000        580464          530778  
381     0.008000        375720          763089          0.005000        582164          532265  
382     0.009000        366942          682112          0.009000        583864          533825  
383     0.010000        354793          683175          0.008000        585564          535291  
384     0.011000        349380          736074          0.012000        587264          536888  
385     0.009000        355116          678295          0.006000        588964          538489  
386     0.009000        374129          694281          0.010000        590664          539985  
387     0.001000        404249          735051          0.018000        592364          541480  
388     0.001000        352631          706979          0.021000        594064          543054  
389     0.003000        349943          713307          0.017000        595764          544734  
390     0.003000        383095          701448          0.017000        597464          546253  
391     0.005000        352602          713666          0.014000        599164          547663  
392     0.016000        371692          723899          0.015000        600864          549214  
393     0.016000        358115          737350          0.012000        602564          551005  
394     0.016000        349702          734031          0.013000        604264          552380  
395     0.015000        373222          700131          0.012000        605964          553911  
396     0.015000        399546          734935          0.011000        607664          555671  
397     0.013000        382615          722543          0.015000        609364          557160  
398     0.016000        389456          714426          0.013000        611064          558639  
399     0.015000        418057          765932          0.015000        612764          560142  
400     0.015000        356958          738113          0.014000        614464          561730  
401     0.014000        354437          701334          0.015000        616164          563338  
402     0.014000        449517          790130          0.016000        617864          564840  
403     0.014000        382516          748752          0.016000        619564          566533  
404     0.015000        358018          727790          0.015000        621264          567896  
405     0.015000        387248          752284          0.014000        622964          569468  
406     0.013000        389669          734168          0.015000        624664          571045  
407     0.014000        363462          739798          0.016000        626364          572685  
408     0.011000        396426          772261          0.016000        628064          574180  
409     0.015000        382222          754214          0.014000        629764          575795  
410     0.014000        396114          751143          0.018000        631464          577325  
411     0.014000        408674          816562          0.017000        633164          578747  
412     0.005000        388123          746947          0.018000        634864          580381  
413     0.003000        424229          762015          0.019000        636564          582106  
414     0.009000        410805          771031          0.010000        638264          583433  
415     0.011000        396695          799775          0.008000        639964          584932  
416     0.011000        377253          740692          0.011000        641664          586626  
417     0.015000        375914          748251          0.013000        643364          588226  
418     0.011000        400583          757775          0.015000        645064          589658  
419     0.008000        420416          757124          0.012000        646764          591319  
420     0.009000        427141          805141          0.014000        648464          592952  
421     0.013000        439883          803381          0.007000        650164          594364  
422     0.015000        411148          804385          0.014000        651864          595952  
423     0.013000        391517          777683          0.019000        653564          597579  
424     0.002000        381266          782412          0.013000        655264          599256  
425     0.014000        438725          814181          0.006000        656964          600823  
426     0.012000        385225          753932          0.011000        658664          602227  
427     0.015000        440343          855873          0.014000        660364          603696  
428     0.015000        411387          785270          0.018000        662064          605268  
429     0.010000        388679          794707          0.009000        663764          606995  
430     0.011000        399110          804809          0.007000        665464          608482  
431     0.015000        407995          799852          0.012000        667164          610039  
432     0.015000        425649          816332          0.019000        668864          611548  
433     0.008000        424949          853455          0.015000        670564          613237  
434     0.011000        397354          836601          0.016000        672264          614829  
435     0.015000        405054          812481          0.015000        673964          616342  
436     0.002000        439514          822967          0.016000        675664          617842  
437     0.012000        401175          800074          0.007000        677364          619501  
438     0.013000        404276          770129          0.019000        679064          620955  
439     0.009000        412881          792053          0.010000        680764          622478  
440     0.015000        392506          785961          0.015000        682464          624242  
441     0.014000        447358          827843          0.019000        684164          625712  
442     0.008000        402680          858661          0.016000        685864          627152  
443     0.012000        431080          822778          0.014000        687564          628727  
444     0.012000        430738          858013          0.013000        689264          630233  
445     0.010000        401371          802148          0.014000        690964          631787  
446     0.015000        460990          871213          0.014000        692664          633415  
447     0.009000        425379          817104          0.014000        694364          634962  
448     0.014000        438370          824414          0.014000        696064          636700  
449     0.004000        455141          830619          0.016000        697764          638112  
450     0.010000        412164          825493          0.016000        699464          639681  
451     0.010000        430682          796787          0.015000        701164          641354  
452     0.011000        400030          810151          0.015000        702864          642866  
453     0.010000        451061          832044          0.017000        704564          644327  
454     0.010000        440745          835322          0.015000        706264          645991  
455     0.013000        456316          863890          0.016000        707964          647434  
456     0.002000        407796          834697          0.019000        709664          649244  
457     0.012000        432468          860729          0.014000        711364          650554  
458     0.011000        436633          856436          0.011000        713064          651919  
459     0.010000        409111          829425          0.011000        714764          653901  
460     0.010000        465720          851128          0.007000        716464          655375  
461     0.017000        462305          842013          0.014000        718164          657017  
462     0.005000        485999          861994          0.015000        719864          658248  
463     0.007000        390681          864477          0.014000        721564          659987  
464     0.012000        442273          910296          0.014000        723264          661639  
465     0.007000        489384          863576          0.015000        724964          663041  
466     0.011000        484295          867689          0.010000        726664          664626  
467     0.018000        451733          950081          0.010000        728364          666218  
468     0.004000        448521          868496          0.017000        730064          667695  
469     0.016000        452723          884920          0.015000        731764          669351  
470     0.004000        481952          891796          0.017000        733464          670983  
471     0.012000        476743          867034          0.015000        735164          672602  
472     0.013000        478524          890987          0.017000        736864          674271  
473     0.010000        482541          885372          0.014000        738564          675615  
474     0.017000        440960          880558          0.010000        740264          677185  
475     0.010000        425920          880101          0.014000        741964          678826  
476     0.012000        430760          876622          0.015000        743664          680373  
477     0.003000        428402          916599          0.016000        745364          681812  
478     0.011000        462239          881104          0.015000        747064          683457  
479     0.015000        508900          908731          0.017000        748764          685209  
480     0.012000        435608          919304          0.015000        750464          686649  
481     0.010000        509613          893127          0.018000        752164          688161  
482     0.012000        537799          953598          0.014000        753864          689736  
483     0.007000        407726          895027          0.016000        755564          691072  
484     0.013000        511720          906260          0.015000        757264          693044  
485     0.011000        459508          878579          0.019000        758964          694447  
486     0.012000        464609          895435          0.016000        760664          696107  
487     0.012000        492394          929328          0.016000        762364          697502  
488     0.015000        459906          887084          0.013000        764064          699239  
489     0.011000        438830          925722          0.014000        765764          700528  
490     0.015000        463941          927493          0.010000        767464          702448  
491     0.013000        429308          894751          0.022000        769164          704007  
492     0.015000        487911          917276          0.022000        770864          705353  
493     0.016000        505278          950953          0.020000        772564          706881  
494     0.017000        437630          909213          0.025000        774264          708394  
495     0.026000        441291          914727          0.020000        775964          710127  
496     0.012000        461173          893425          0.021000        777664          711649  
497     0.018000        441203          922252          0.053000        779364          713315  
498     0.017000        438010          888930          0.023000        781064          715012  
499     0.017000        458517          965954          0.029000        782764          716581  
500     0.022000        532084          961209          0.020000        784464          718309  
501     0.013000        477641          972534          0.017000        786164          719739  
502     0.014000        540177          933372          0.019000        787864          721171  
503     0.014000        436882          930582          0.019000        789564          722877  
504     0.015000        502631          963111          0.018000        791264          724351  
505     0.018000        448657          977236          0.019000        792964          726029  
506     0.015000        482605          1015828         0.017000        794664          727870  
507     0.016000        472176          906488          0.018000        796364          729299  
508     0.012000        477958          928854          0.019000        798064          730692  
509     0.015000        516963          968537          0.014000        799764          732308  
510     0.014000        513098          998313          0.021000        801464          734067  
511     0.015000        557071          1073458         0.020000        803164          735658  
512     0.014000        507880          973716          0.022000        804864          737225  
513     0.015000        514652          934359          0.020000        806564          738857  
514     0.012000        511440          958722          0.022000        808264          740287  
515     0.015000        549264          978301          0.021000        809964          742007  
516     0.014000        470726          952890          0.021000        811664          743462  
517     0.015000        479999          964957          0.015000        813364          745173  
518     0.018000        471657          920285          0.017000        815064          746670  
519     0.011000        506312          1025641         0.023000        816764          748260  
520     0.014000        563912          997770          0.015000        818464          749817  
521     0.015000        519529          988933          0.016000        820164          751519  
522     0.014000        537323          1017649         0.022000        821864          753049  
523     0.016000        504134          990368          0.020000        823564          754487  
524     0.015000        478261          987137          0.020000        825264          756172  
525     0.017000        614744          1087642         0.020000        826964          757833  
526     0.014000        543382          1016619         0.022000        828664          759449  
527     0.017000        551178          995086          0.019000        830364          760828  
528     0.014000        525011          1015880         0.021000        832064          762468  
529     0.011000        519669          1010597         0.021000        833764          764008  
530     0.021000        516308          1042164         0.021000        835464          765616  
531     0.016000        549377          1127960         0.020000        837164          767190  
532     0.016000        560214          1044985         0.016000        838864          769006  
533     0.014000        527440          1004478         0.025000        840564          770500  
534     0.016000        516050          1042176         0.018000        842264          771868  
535     0.012000        529557          981938          0.020000        843964          773736  
536     0.016000        451966          1017377         0.022000        845664          775195  
537     0.017000        479418          995091          0.022000        847364          776729  
538     0.016000        520972          1003167         0.021000        849064          778490  
539     0.014000        523993          1037861         0.022000        850764          779901  
540     0.014000        579531          1097555         0.023000        852464          781652  
541     0.016000        487262          1104155         0.025000        854164          783205  
542     0.017000        558626          1054232         0.019000        855864          784750  
543     0.014000        518057          1026355         0.020000        857564          786261  
544     0.015000        526047          1042724         0.017000        859264          788092  
545     0.012000        534112          1062114         0.025000        860964          789543  
546     0.016000        529740          997611          0.021000        862664          791075  
547     0.014000        474576          986840          0.021000        864364          792687  
548     0.014000        535057          1066687         0.019000        866064          794272  
549     0.012000        483466          1008513         0.027000        867764          795903  
550     0.016000        586436          1113256         0.020000        869464          797518  
551     0.015000        510576          1007486         0.020000        871164          799012  
552     0.015000        540795          1060024         0.021000        872864          800557  
553     0.021000        548130          1049053         0.021000        874564          802225  
554     0.012000        508834          1035796         0.019000        876264          803709  
555     0.019000        558907          1049372         0.022000        877964          805455  
556     0.020000        500689          1118225         0.021000        879664          806869  
557     0.018000        551285          1061471         0.020000        881364          808637  
558     0.016000        571100          1068518         0.019000        883064          810229  
559     0.016000        586508          1040473         0.020000        884764          811827  
560     0.016000        515190          1069135         0.026000        886464          813361  
561     0.016000        542036          1064756         0.019000        888164          814891  
562     0.018000        505464          1064364         0.021000        889864          816636  
563     0.017000        632413          1078748         0.023000        891564          818131  
564     0.020000        567506          1059414         0.017000        893264          819591  
565     0.016000        570417          1111381         0.019000        894964          821230  
566     0.015000        540617          1073644         0.023000        896664          822789  
567     0.019000        539804          1068759         0.018000        898364          824524  
568     0.020000        524472          1091194         0.023000        900064          826146  
569     0.017000        533325          1070302         0.022000        901764          827705  
570     0.015000        568197          1066442         0.023000        903464          829257  
571     0.020000        595636          1116764         0.020000        905164          831009  
572     0.021000        565724          1117182         0.020000        906864          832460  
573     0.018000        535114          1124022         0.021000        908564          834065  
574     0.016000        563658          1111585         0.024000        910264          835407  
575     0.016000        617969          1102434         0.024000        911964          837077  
576     0.016000        649081          1133346         0.021000        913664          838977  
577     0.016000        575981          1076314         0.020000        915364          840297  
578     0.016000        574529          1123479         0.023000        917064          842031  
579     0.017000        536612          1078163         0.020000        918764          843604  
580     0.016000        575803          1154990         0.023000        920464          845179  
581     0.014000        527899          1114448         0.018000        922164          846414  
582     0.017000        631493          1205200         0.023000        923864          848501  
583     0.020000        537358          1161574         0.024000        925564          849996  
584     0.015000        578383          1107798         0.023000        927264          851684  
585     0.016000        633728          1186928         0.022000        928964          853018  
586     0.016000        547103          1125538         0.025000        930664          854828  
587     0.015000        586090          1136874         0.023000        932364          856486  
588     0.014000        594814          1157309         0.028000        934064          857899  
589     0.017000        614301          1163070         0.023000        935764          859674  
590     0.020000        563654          1100186         0.024000        937464          860937  
591     0.015000        605669          1164015         0.020000        939164          862561  
592     0.016000        553651          1115873         0.022000        940864          864278  
593     0.017000        601471          1134036         0.023000        942564          865938  
594     0.016000        572619          1105693         0.026000        944264          867536  
595     0.017000        567703          1172611         0.022000        945964          869244  
596     0.016000        554745          1155870         0.024000        947664          870699  
597     0.016000        585695          1177844         0.021000        949364          872370  
598     0.016000        589262          1112935         0.026000        951064          873828  
599     0.017000        601286          1116602         0.022000        952764          875694  
600     0.017000        669355          1164817         0.021000        954464          877096  
601     0.012000        605950          1139961         0.027000        956164          878644  
602     0.019000        547530          1146102         0.021000        957864          880294  
603     0.014000        569192          1198048         0.030000        959564          881875  
604     0.018000        616167          1180001         0.021000        961264          883473  
605     0.020000        594972          1155573         0.021000        962964          885129  
606     0.018000        603714          1144442         0.023000        964664          886656  
607     0.020000        719336          1244540         0.027000        966364          888085  
608     0.016000        561065          1114972         0.025000        968064          889987  
609     0.017000        559085          1149918         0.023000        969764          891454  
610     0.019000        562928          1111119         0.023000        971464          892823  
611     0.020000        594818          1136097         0.022000        973164          894661  
612     0.022000        601527          1149785         0.030000        974864          896280  
613     0.022000        651646          1223880         0.030000        976564          897964  
614     0.020000        625383          1155991         0.028000        978264          899538  
615     0.021000        592020          1179128         0.028000        979964          901026  
616     0.020000        628604          1225884         0.030000        981664          902681  
617     0.023000        616420          1187572         0.031000        983364          904408  
618     0.017000        635661          1178461         0.021000        985064          905516  
619     0.021000        604612          1250301         0.021000        986764          907366  
620     0.017000        608072          1233715         0.020000        988464          909027  
621     0.020000        565305          1146973         0.024000        990164          910727  
622     0.021000        639538          1220276         0.021000        991864          912215  
623     0.022000        662211          1282495         0.026000        993564          913826  
624     0.015000        643252          1179365         0.027000        995264          915563  
625     0.015000        591565          1164319         0.026000        996964          916804  
626     0.013000        664583          1277183         0.030000        998664          918530  
627     0.020000        672515          1248195         0.020000        1000364         920262  
628     0.015000        619497          1223944         0.028000        1002064         921864  
629     0.018000        585406          1362569         0.022000        1003764         923361  
630     0.017000        596978          1195939         0.021000        1005464         924844  
631     0.015000        617623          1224673         0.028000        1007164         926520  
632     0.014000        630573          1305278         0.033000        1008864         928180  
633     0.017000        631646          1181027         0.022000        1010564         929672  
634     0.018000        647313          1189077         0.025000        1012264         931399  
635     0.020000        657580          1248028         0.022000        1013964         932995  
636     0.017000        639426          1236965         0.027000        1015664         934528  
637     0.020000        655374          1236865         0.022000        1017364         936168  
638     0.028000        616403          1209466         0.028000        1019064         937685  
639     0.021000        645560          1214372         0.027000        1020764         939360  
640     0.013000        555956          1232089         0.029000        1022464         941044  
641     0.019000        634859          1213484         0.022000        1024164         942479  
642     0.017000        580883          1194175         0.026000        1025864         944178  
643     0.013000        684805          1241033         0.029000        1027564         945697  
644     0.020000        786516          1348501         0.022000        1029264         947414  
645     0.014000        622697          1269459         0.035000        1030964         949027  
646     0.019000        610315          1212901         0.019000        1032664         950790  
647     0.018000        746944          1322695         0.018000        1034364         952033  
648     0.018000        628976          1227889         0.037000        1036064         953701  
649     0.022000        644941          1237940         0.033000        1037764         955356  
650     0.035000        609341          1297706         0.036000        1039464         956892  
651     0.021000        629474          1251383         0.022000        1041164         958535  
652     0.025000        683569          1285515         0.018000        1042864         960062  
653     0.016000        683250          1307664         0.018000        1044564         961805  
654     0.014000        613901          1211564         0.022000        1046264         963320  
655     0.016000        686657          1315508         0.019000        1047964         964879  
656     0.016000        598478          1257860         0.020000        1049728         966765  
657     0.016000        665326          1250713         0.020000        1051528         968298  
658     0.015000        631197          1240624         0.021000        1053328         969699  
659     0.016000        573066          1266322         0.021000        1055128         971423  
660     0.015000        596153          1244660         0.022000        1056928         973067  
661     0.016000        671614          1317389         0.021000        1058728         974833  
662     0.014000        656116          1227553         0.020000        1060528         976539  
663     0.016000        720868          1409599         0.021000        1062328         978098  
664     0.014000        622786          1292735         0.023000        1064128         979807  
665     0.020000        619777          1273218         0.022000        1065928         981356  
666     0.015000        646158          1263513         0.021000        1067728         982865  
667     0.017000        674315          1298682         0.016000        1069528         984716  
668     0.017000        726280          1358485         0.021000        1071328         986101  
669     0.016000        626459          1326337         0.016000        1073128         987968  
670     0.016000        643318          1271733         0.020000        1074928         989534  
671     0.016000        652044          1332238         0.019000        1076728         991187  
672     0.017000        674445          1325678         0.022000        1078528         992708  
673     0.017000        667405          1336402         0.020000        1080328         994545  
674     0.020000        655240          1331779         0.034000        1082128         995903  
675     0.022000        732265          1357657         0.021000        1083928         997735  
676     0.015000        690484          1410815         0.021000        1085728         999409  
677     0.018000        720626          1385691         0.017000        1087528         1001038 
678     0.017000        645050          1346465         0.013000        1089328         1002763 
679     0.014000        651362          1295454         0.023000        1091128         1004222 
680     0.016000        669368          1272489         0.017000        1092928         1006000 
681     0.014000        618167          1289637         0.026000        1094728         1007429 
682     0.020000        655791          1297825         0.037000        1096528         1009333 
683     0.037000        692045          1348578         0.054000        1098328         1010886 
684     0.028000        790360          1455564         0.021000        1100128         1012528 
685     0.032000        596708          1323669         0.083000        1101928         1013973 
686     0.054000        676025          1329226         0.053000        1103728         1015674 
687     0.022000        692108          1342558         0.031000        1105528         1017497 
688     0.015000        725240          1370620         0.017000        1107328         1018925 
689     0.016000        671413          1327521         0.017000        1109128         1020664 
690     0.019000        699705          1315498         0.022000        1110928         1022490 
691     0.023000        781356          1388728         0.022000        1112728         1023911 
692     0.015000        781033          1394650         0.027000        1114528         1025704 
693     0.020000        640166          1302675         0.035000        1116328         1027089 
694     0.023000        709866          1330119         0.026000        1118128         1028828 
695     0.021000        682419          1278655         0.043000        1119928         1030405 
696     0.025000        694909          1365189         0.031000        1121728         1032069 
697     0.020000        663819          1349446         0.026000        1123528         1033559 
698     0.016000        727350          1365792         0.030000        1125328         1035350 
699     0.019000        704955          1418445         0.022000        1127128         1037018 
700     0.021000        681006          1336746         0.025000        1128928         1038661 
701     0.016000        713259          1325481         0.032000        1130728         1040427 
702     0.019000        683091          1394237         0.028000        1132528         1042122 
703     0.022000        737657          1380476         0.024000        1134328         1043572 
704     0.015000        683283          1400204         0.029000        1136128         1045312 
705     0.014000        712558          1353328         0.025000        1137928         1047162 
706     0.021000        671899          1351388         0.034000        1139728         1048482 
707     0.020000        638487          1353896         0.028000        1141528         1050007 
708     0.016000        691167          1326764         0.033000        1143328         1051911 
709     0.017000        676491          1313798         0.032000        1145128         1053208 
710     0.015000        658566          1379800         0.032000        1146928         1055165 
711     0.026000        699681          1369557         0.028000        1148728         1056788 
712     0.022000        705481          1401997         0.029000        1150528         1058355 
713     0.026000        728134          1434249         0.038000        1152328         1059877 
714     0.026000        634815          1332471         0.073000        1154128         1061651 
715     0.022000        727307          1411599         0.031000        1155928         1063394 
716     0.023000        704476          1543714         0.031000        1157728         1064995 
717     0.020000        722843          1433160         0.031000        1159528         1066550 
718     0.020000        675141          1406521         0.033000        1161328         1068505 
719     0.015000        748979          1419251         0.031000        1163128         1069980 
720     0.021000        681296          1388199         0.019000        1164928         1071671 
721     0.017000        783143          1410555         0.024000        1166728         1073328 
722     0.024000        682548          1429834         0.019000        1168528         1074681 
723     0.017000        776793          1423120         0.020000        1170328         1076314 
724     0.014000        692357          1396276         0.026000        1172128         1078167 
725     0.016000        678488          1532234         0.020000        1173928         1079846 
726     0.020000        731725          1468677         0.022000        1175728         1081391 
727     0.018000        735789          1408914         0.022000        1177528         1083084 
728     0.015000        699309          1400302         0.018000        1179328         1084781 
729     0.021000        740528          1513466         0.024000        1181128         1086437 
730     0.018000        737213          1465559         0.021000        1182928         1087862 
731     0.016000        707896          1424125         0.024000        1184728         1089703 
732     0.019000        704087          1375490         0.019000        1186528         1091401 
733     0.017000        729921          1408346         0.022000        1188328         1092914 
734     0.014000        721768          1451896         0.027000        1190128         1094536 
735     0.017000        783015          1432323         0.017000        1191928         1096278 
736     0.017000        687490          1425551         0.022000        1193728         1097920 
737     0.014000        710420          1392842         0.020000        1195528         1099417 
738     0.019000        738642          1450462         0.025000        1197328         1101163 
739     0.018000        732545          1433458         0.022000        1199128         1102721 
740     0.016000        747642          1408382         0.024000        1200928         1104504 
741     0.033000        786449          1570730         0.044000        1202728         1106029 
742     0.020000        669051          1383462         0.029000        1204528         1107633 
743     0.011000        732732          1507416         0.030000        1206328         1109613 
744     0.018000        709618          1413049         0.028000        1208128         1111160 
745     0.015000        718686          1448066         0.026000        1209928         1112879 
746     0.012000        773565          1427006         0.030000        1211728         1114426 
747     0.014000        771341          1436637         0.025000        1213528         1115820 
748     0.027000        772611          1507983         0.024000        1215328         1117596 
749     0.017000        702156          1444334         0.021000        1217128         1119370 
750     0.019000        827318          1508829         0.025000        1218928         1120831 
751     0.020000        727306          1609886         0.025000        1220728         1122825 
752     0.023000        800161          1508135         0.025000        1222528         1124363 
753     0.017000        706486          1449620         0.029000        1224328         1125946 
754     0.017000        743581          1479004         0.023000        1226128         1127653 
755     0.020000        782518          1487513         0.019000        1227928         1129068 
756     0.017000        774417          1478789         0.024000        1229728         1130810 
757     0.018000        745809          1484831         0.023000        1231528         1132545 
758     0.017000        763234          1520201         0.031000        1233328         1133996 
759     0.020000        769562          1499599         0.021000        1235128         1135764 
760     0.016000        765151          1451477         0.022000        1236928         1137386 
761     0.019000        758514          1534540         0.038000        1238728         1139136 
762     0.021000        744470          1508832         0.029000        1240528         1140718 
763     0.020000        734249          1470689         0.023000        1242328         1142372 
764     0.022000        788564          1541779         0.016000        1244128         1143873 
765     0.019000        744505          1562273         0.015000        1245928         1145565 
766     0.021000        778147          1494178         0.024000        1247728         1147104 
767     0.013000        758962          1493414         0.030000        1249528         1149101 
768     0.018000        745275          1457938         0.020000        1251328         1150469 
769     0.021000        825972          1542835         0.020000        1253128         1152357 
770     0.018000        765892          1508165         0.019000        1254928         1154019 
771     0.019000        783167          1516879         0.025000        1256728         1155678 
772     0.018000        734755          1489506         0.022000        1258528         1157171 
773     0.020000        847496          1668247         0.020000        1260328         1158921 
774     0.026000        815759          1589933         0.030000        1262128         1160310 
775     0.019000        776011          1535404         0.029000        1263928         1162319 
776     0.021000        755090          1525714         0.023000        1265728         1163669 
777     0.019000        779121          1659987         0.026000        1267528         1165344 
778     0.018000        708425          1625308         0.023000        1269328         1167185 
779     0.018000        787255          1530874         0.022000        1271128         1168842 
780     0.016000        750502          1559908         0.026000        1272928         1170533 
781     0.019000        805853          1558484         0.028000        1274728         1171916 
782     0.022000        791134          1571925         0.027000        1276528         1173619 
783     0.016000        791556          1605774         0.020000        1278328         1175391 
784     0.020000        749641          1578599         0.030000        1280128         1176955 
785     0.017000        745300          1569226         0.021000        1281928         1178583 
786     0.021000        745959          1550670         0.025000        1283728         1180306 
787     0.018000        749335          1538850         0.028000        1285528         1181859 
788     0.016000        755942          1521486         0.032000        1287328         1183716 
789     0.019000        765649          1517275         0.025000        1289128         1185238 
790     0.020000        806389          1544492         0.024000        1290928         1186881 
791     0.021000        776749          1495390         0.021000        1292728         1188438 
792     0.018000        808911          1563620         0.022000        1294528         1190372 
793     0.021000        791870          1541816         0.021000        1296328         1191724 
794     0.014000        720636          1548097         0.030000        1298128         1193774 
795     0.018000        808094          1643178         0.020000        1299928         1195306 
796     0.019000        765184          1533924         0.031000        1301728         1196833 
797     0.019000        774559          1600726         0.020000        1303528         1198455 
798     0.017000        798873          1544025         0.027000        1305328         1200111 
799     0.018000        754654          1532082         0.025000        1307128         1201769 
800     0.021000        810899          1551923         0.027000        1308928         1203433 
801     0.020000        758564          1525732         0.027000        1310728         1204919 
802     0.019000        738997          1613135         0.020000        1312528         1206769 
803     0.020000        862307          1766305         0.026000        1314328         1208191 
804     0.018000        795218          1613095         0.031000        1316128         1209962 
805     0.019000        793979          1607085         0.019000        1317928         1211542 
806     0.019000        832363          1592039         0.023000        1319728         1213420 
807     0.022000        735866          1575439         0.026000        1321528         1215208 
808     0.021000        766488          1505240         0.030000        1323328         1216569 
809     0.022000        816199          1625497         0.024000        1325128         1218298 
810     0.020000        756407          1635460         0.027000        1326928         1219891 
811     0.018000        823330          1599773         0.026000        1328728         1221423 
812     0.017000        768722          1599997         0.028000        1330528         1223236 
813     0.016000        830259          1645071         0.033000        1332328         1224976 
814     0.023000        855129          1712665         0.026000        1334128         1226515 
815     0.022000        838966          1608599         0.026000        1335928         1228477 
816     0.019000        786661          1785019         0.024000        1337728         1229803 
817     0.024000        965480          1701711         0.026000        1339528         1231523 
818     0.020000        869359          1770734         0.028000        1341328         1233205 
819     0.019000        872868          1647977         0.026000        1343128         1234511 
820     0.021000        822560          1604747         0.028000        1344928         1236514 
821     0.015000        742683          1588977         0.029000        1346728         1238105 
822     0.016000        845741          1634695         0.029000        1348528         1239597 
823     0.017000        804138          1632239         0.030000        1350328         1241311 
824     0.019000        828825          1631115         0.025000        1352128         1243124 
825     0.020000        835150          1623914         0.022000        1353928         1244945 
826     0.024000        830377          1629477         0.025000        1355728         1246493 
827     0.023000        847017          1644671         0.027000        1357528         1248162 
828     0.021000        780376          1664225         0.022000        1359328         1249760 
829     0.021000        873789          1764616         0.039000        1361128         1251415 
830     0.028000        846384          1614643         0.030000        1362928         1252829 
831     0.022000        825239          1638094         0.026000        1364728         1254514 
832     0.018000        827515          1585759         0.032000        1366528         1256413 
833     0.020000        945458          1692404         0.028000        1368328         1257842 
834     0.018000        795527          1678296         0.030000        1370128         1259834 
835     0.020000        822451          1687216         0.030000        1371928         1261219 
836     0.021000        893852          1659529         0.026000        1373728         1262756 
837     0.021000        793364          1636255         0.027000        1375528         1264858 
838     0.021000        870527          1705965         0.021000        1377328         1266174 
839     0.018000        854394          1678414         0.030000        1379128         1268005 
840     0.021000        777326          1663187         0.028000        1380928         1269854 
841     0.018000        803685          1612607         0.027000        1382728         1271194 
842     0.021000        824147          1654771         0.030000        1384528         1272898 
843     0.015000        764976          1634623         0.029000        1386328         1274397 
844     0.021000        847866          1671337         0.027000        1388128         1276328 
845     0.015000        798662          1648272         0.033000        1389928         1277857 
846     0.021000        884458          1720869         0.027000        1391728         1279669 
847     0.023000        897438          1672019         0.024000        1393528         1281297 
848     0.021000        871881          1763249         0.028000        1395328         1282978 
849     0.021000        945553          1753632         0.028000        1397128         1284680 
850     0.017000        834162          1694654         0.035000        1398928         1286445 
851     0.019000        875964          1687528         0.030000        1400728         1287774 
852     0.020000        817409          1763794         0.027000        1402528         1289712 
853     0.024000        866565          1651808         0.026000        1404328         1291121 
854     0.026000        851213          1665133         0.028000        1406128         1292884 
855     0.018000        824353          1683052         0.028000        1407928         1294381 
856     0.021000        772800          1692336         0.028000        1409728         1296102 
857     0.020000        875265          1691716         0.023000        1411528         1297980 
858     0.020000        892951          1766063         0.023000        1413328         1299454 
859     0.022000        913913          1730066         0.027000        1415128         1301240 
860     0.024000        854118          1787440         0.022000        1416928         1302762 
861     0.026000        877498          1693146         0.019000        1418728         1304334 
862     0.028000        856887          1748359         0.018000        1420528         1306170 
863     0.018000        886825          1778020         0.018000        1422328         1308098 
864     0.021000        861804          1716254         0.026000        1424128         1309405 
865     0.021000        823846          1707908         0.029000        1425928         1310941 
866     0.023000        856912          1762974         0.027000        1427728         1313004 
867     0.022000        831733          1868318         0.030000        1429528         1314677 
868     0.024000        908634          1696052         0.026000        1431328         1316383 
869     0.024000        980320          1832059         0.028000        1433128         1317974 
870     0.021000        941475          1795553         0.016000        1434928         1319594 
871     0.017000        901329          1762265         0.029000        1436728         1321102 
872     0.020000        884397          1764437         0.026000        1438528         1322611 
873     0.019000        898106          1688415         0.036000        1440328         1324439 
874     0.024000        805799          1701495         0.025000        1442128         1326257 
875     0.021000        876730          1774306         0.031000        1443928         1327722 
876     0.023000        868005          1777841         0.032000        1445728         1329401 
877     0.018000        879720          1802645         0.031000        1447528         1330813 
878     0.021000        796282          1717130         0.028000        1449328         1332657 
879     0.026000        881232          1730104         0.026000        1451128         1334137 
880     0.023000        898974          1712993         0.030000        1452928         1336212 
881     0.023000        936577          1941126         0.028000        1454728         1337792 
882     0.021000        825964          1910104         0.036000        1456528         1339502 
883     0.021000        977363          1829317         0.037000        1458328         1341071 
884     0.026000        825630          1774429         0.032000        1460128         1342547 
885     0.018000        921682          1824245         0.032000        1461928         1344087 
886     0.022000        820869          1719835         0.028000        1463728         1346024 
887     0.024000        879861          1803739         0.026000        1465528         1347504 
888     0.023000        909054          1810792         0.028000        1467328         1349347 
889     0.023000        984286          1844099         0.016000        1469128         1351061 
890     0.019000        892585          1779285         0.030000        1470928         1352503 
891     0.016000        820343          1751728         0.025000        1472728         1354539 
892     0.029000        856629          1861348         0.016000        1474528         1355840 
893     0.015000        922166          1782345         0.034000        1476328         1357604 
894     0.018000        885631          1742662         0.028000        1478128         1359052 
895     0.024000        1075130         1902055         0.032000        1479928         1361005 
896     0.022000        901711          1792221         0.032000        1481728         1362689 
897     0.023000        932618          1762366         0.028000        1483528         1364206 
898     0.024000        848808          1683786         0.031000        1485328         1365791 
899     0.019000        924692          1764692         0.028000        1487128         1367485 
900     0.022000        963699          1865114         0.032000        1488928         1369361 
901     0.018000        962506          1796214         0.029000        1490728         1370742 
902     0.020000        1011453         1917036         0.025000        1492528         1372832 
903     0.018000        923646          1786507         0.032000        1494328         1374321 
904     0.030000        858894          1807932         0.031000        1496128         1376066 
905     0.031000        874719          1792737         0.036000        1497928         1377661 
906     0.024000        925704          1892839         0.032000        1499728         1379279 
907     0.022000        886814          1845808         0.036000        1501528         1380985 
908     0.021000        905909          1764776         0.030000        1503328         1382625 
909     0.022000        911546          1804142         0.031000        1505128         1384186 
910     0.021000        896711          1792604         0.036000        1506928         1385765 
911     0.023000        848950          1751365         0.027000        1508728         1387726 
912     0.022000        900154          1807464         0.030000        1510528         1389537 
913     0.020000        908051          1943874         0.037000        1512328         1390866 
914     0.022000        843120          1735719         0.030000        1514128         1392746 
915     0.021000        1043281         1955882         0.028000        1515928         1394182 
916     0.022000        889017          1844020         0.028000        1517728         1395559 
917     0.021000        1011853         1938529         0.034000        1519528         1397692 
918     0.017000        1050259         1890516         0.034000        1521328         1399420 
919     0.017000        909085          1774649         0.032000        1523128         1400929 
920     0.019000        878064          1775512         0.032000        1524928         1402741 
921     0.028000        1005479         1841493         0.017000        1526728         1404287 
922     0.024000        999689          1876481         0.032000        1528528         1405982 
923     0.025000        883314          1787958         0.025000        1530328         1407487 
924     0.017000        897793          1771591         0.034000        1532128         1409068 
925     0.022000        900713          1855339         0.033000        1533928         1410720 
926     0.017000        895625          1833721         0.033000        1535728         1412404 
927     0.021000        855501          1822748         0.030000        1537528         1414378 
928     0.021000        899882          1818802         0.031000        1539328         1415982 
929     0.021000        1003509         1842749         0.017000        1541128         1417486 
930     0.023000        913183          1892348         0.024000        1542928         1419157 
931     0.022000        976005          1797042         0.032000        1544728         1420910 
932     0.024000        949825          1887559         0.035000        1546528         1422541 
933     0.026000        997055          1926510         0.026000        1548328         1424401 
934     0.025000        946043          1898244         0.018000        1550128         1425705 
935     0.016000        908687          1862499         0.041000        1551928         1427437 
936     0.026000        958003          1916550         0.023000        1553728         1429147 
937     0.019000        967040          2008955         0.033000        1555528         1430810 
938     0.023000        916886          1894993         0.027000        1557328         1432476 
939     0.021000        906164          1821206         0.033000        1559128         1434237 
940     0.021000        864907          1860031         0.027000        1560928         1435834 
941     0.023000        874392          1894161         0.028000        1562728         1437468 
942     0.023000        885805          1951780         0.029000        1564528         1439288 
943     0.023000        1012171         1841326         0.033000        1566328         1440795 
944     0.019000        983517          1968598         0.036000        1568128         1442560 
945     0.021000        922829          1867468         0.025000        1569928         1443944 
946     0.028000        1005893         1931906         0.032000        1571728         1445926 
947     0.016000        963243          1879296         0.027000        1573528         1447395 
948     0.017000        943597          1962650         0.033000        1575328         1449063 
949     0.022000        898435          1873519         0.031000        1577128         1450778 
950     0.018000        1139378         2143105         0.032000        1578928         1452479 
951     0.020000        1049323         1905462         0.018000        1580728         1454253 
952     0.025000        947849          1894757         0.016000        1582528         1455933 
953     0.017000        940454          1872459         0.025000        1584328         1457503 
954     0.017000        1012934         1955983         0.034000        1586128         1459228 
955     0.028000        939334          1935613         0.025000        1587928         1460559 
956     0.023000        950823          1880493         0.043000        1589728         1462531 
957     0.019000        937852          1901279         0.033000        1591528         1464167 
958     0.023000        984295          1995911         0.034000        1593328         1466073 
959     0.028000        955181          1930113         0.029000        1595128         1467643 
960     0.027000        971924          1942890         0.028000        1596928         1469197 
961     0.023000        934897          1867857         0.035000        1598728         1470823 
962     0.022000        1077198         2014369         0.034000        1600528         1472476 
963     0.021000        965980          1903514         0.029000        1602328         1474081 
964     0.023000        953437          1925437         0.032000        1604128         1475668 
965     0.028000        993838          2021406         0.031000        1605928         1477282 
966     0.023000        934702          1972045         0.034000        1607728         1478948 
967     0.026000        880315          1981817         0.031000        1609528         1480537 
968     0.023000        982810          2039819         0.036000        1611328         1482752 
969     0.015000        907296          1880522         0.032000        1613128         1484114 
970     0.023000        996067          1934216         0.030000        1614928         1485775 
971     0.030000        966071          2017985         0.018000        1616728         1487708 
972     0.025000        970820          1923333         0.032000        1618528         1489184 
973     0.026000        958023          1956605         0.034000        1620328         1490950 
974     0.022000        1022810         1983409         0.035000        1622128         1492608 
975     0.021000        979329          1959997         0.032000        1623928         1493921 
976     0.031000        952799          1963374         0.015000        1625728         1495932 
977     0.029000        1086337         2025421         0.019000        1627528         1497728 
978     0.025000        927583          1929756         0.036000        1629328         1498960 
979     0.024000        1003418         2114048         0.032000        1631128         1500876 
980     0.028000        935215          1999372         0.034000        1632928         1502588 
981     0.021000        916555          1912443         0.035000        1634728         1504082 
982     0.022000        948675          2056930         0.033000        1636528         1505846 
983     0.029000        1024495         1972477         0.035000        1638328         1507406 
984     0.021000        1037471         1986858         0.040000        1640128         1509362 
985     0.024000        1035517         2019198         0.032000        1641928         1510629 
986     0.029000        1013113         1971357         0.037000        1643728         1512533 
987     0.027000        897420          2051313         0.035000        1645528         1514260 
988     0.027000        1024221         2049801         0.035000        1647328         1515819 
989     0.023000        1008772         2034582         0.036000        1649128         1517683 
990     0.025000        1019119         2087489         0.037000        1650928         1519397 
991     0.037000        989586          1982834         0.043000        1652728         1520822 
992     0.028000        1014406         2021563         0.036000        1654528         1522564 
993     0.022000        1074342         2068861         0.035000        1656328         1523950 
994     0.025000        1066223         2087706         0.039000        1658128         1526108 
995     0.053000        1012269         2035449         0.098000        1659928         1527503 
996     0.037000        988023          2050333         0.050000        1661728         1529691 
997     0.022000        1051702         2065129         0.035000        1663528         1531064 
998     0.033000        909333          1891126         0.034000        1665328         1532857 
999     0.033000        988227          2120701         0.034000        1667128         1534478 
1000    0.033000        958427          2012159         0.032000        1668928         1536483 